%% Licensing
%
% License:         BSD License
%                  cane Multiphysics default license: cane/license.txt
%
% Main authors:    Andreas Apostolatos
%
%%%%%%%%%%%%%%%%%%%%%%%%%%%%%%%%%%%%%%%%%%%%%%%%%%%%%%%%%%%%%%%%%%%%%%%%%%%
%                                                                         %
%   Matlab Input File                                                     %
%   _________________                                                     %
%                                                                         %
%   cane Multiphysics                                                     %
%                                                                         %
%%%%%%%%%%%%%%%%%%%%%%%%%%%%%%%%%%%%%%%%%%%%%%%%%%%%%%%%%%%%%%%%%%%%%%%%%%%

%%%%%%%%%%%%%%%%%%%%%%%%%%%%%%%%%%%%%%%%%%%%%%%%%%%%%%%%%%%%%%%%%%%%%%%%%%%
%                                                                         %
%   Structural Boundary Value Problem                                     %
%                                                                         %
%%%%%%%%%%%%%%%%%%%%%%%%%%%%%%%%%%%%%%%%%%%%%%%%%%%%%%%%%%%%%%%%%%%%%%%%%%%

STRUCTURE_ANALYSIS
 ANALYSIS_TYPE,planeStress

STRUCTURE_MATERIAL_PROPERTIES
  DENSITY,1.0
  YOUNGS_MODULUS,1e5
  POISSON_RATIO,0.0

STRUCTURE_NLINEAR_SCHEME
 NLINEAR_SCHEME,NEWTON_RAPHSON
 TOLERANCE,1e-9
 MAX_ITERATIONS,100

STRUCTURE_TRANSIENT_ANALYSIS
 SOLVER STEADY-STATE
 TIME_INTEGRATION EXPLICIT_EULER
 START_TIME 0
 END_TIME 10
 NUMBER_OF_TIME_STEPS 0.01
 
STRUCTURE_INTEGRATION
 DOMAIN user
 domainNoGP 1
 boundaryNoGP 1

STRUCTURE_NODES
       1   -4.00000    4.00000    0.00000 
       2   -3.80000    4.00000    0.00000 
       3   -4.00000    3.80000    0.00000 
       4   -3.81865    3.67436    0.00000 
       5   -3.60000    4.00000    0.00000 
       6   -4.00000    3.60000    0.00000 
       7   -3.61101    3.82208    0.00000 
       8   -3.85900    3.48255    0.00000 
       9   -3.52971    3.63936    0.00000 
      10   -3.40000    4.00000    0.00000 
      11   -4.00000    3.40000    0.00000 
      12   -3.41213    3.80110    0.00000 
      13   -3.65953    3.46892    0.00000 
      14   -3.79990    3.32924    0.00000 
      15   -3.46011    3.45463    0.00000 
      16   -3.33083    3.61854    0.00000 
      17   -4.00000    3.20000    0.00000 
      18   -3.20000    4.00000    0.00000 
      19   -3.21343    3.77970    0.00000 
      20   -3.57238    3.28919    0.00000 
      21   -3.70849    3.13479    0.00000 
      22   -3.25816    3.43023    0.00000 
      23   -3.36952    3.28262    0.00000 
      24   -3.13235    3.59956    0.00000 
      25   -4.00000    3.00000    0.00000 
      26   -3.00000    4.00000    0.00000 
      27   -3.01794    3.75126    0.00000 
      28   -3.49839    3.10782    0.00000 
      29   -3.80117    2.96794    0.00000 
      30   -3.05910    3.41357    0.00000 
      31   -3.17230    3.24987    0.00000 
      32   -3.60815    2.94071    0.00000 
      33   -3.29903    3.09554    0.00000 
      34   -2.93471    3.56962    0.00000 
      35   -2.82625    3.77677    0.00000 
      36   -4.00000    2.80000    0.00000 
      37   -2.80000    4.00000    0.00000 
      38   -3.40854    2.92944    0.00000 
      39   -3.71159    2.79482    0.00000 
      40   -2.97369    3.23705    0.00000 
      41   -2.86154    3.38536    0.00000 
      42   -3.10184    3.06403    0.00000 
      43   -3.51598    2.76083    0.00000 
      44   -2.67050    3.86015    0.00000 
      45   -3.20975    2.92130    0.00000 
      46   -2.73618    3.55339    0.00000 
      47   -3.83603    2.63871    0.00000 
      48   -4.00000    2.60000    0.00000 
      49   -2.60000    4.00000    0.00000 
      50   -2.62445    3.70297    0.00000 
      51   -3.31623    2.75231    0.00000 
      52   -3.63844    2.61024    0.00000 
      53   -2.90264    3.05026    0.00000 
      54   -2.77648    3.20465    0.00000 
      55   -2.66260    3.36771    0.00000 
      56   -3.01315    2.88513    0.00000 
      57   -2.50895    3.86596    0.00000 
      58   -3.44457    2.60086    0.00000 
      59   -3.14244    2.73308    0.00000 
      60   -2.53873    3.52332    0.00000 
      61   -3.79583    2.46449    0.00000 
      62   -4.00000    2.40000    0.00000 
      63   -2.40000    4.00000    0.00000 
      64   -2.42630    3.68410    0.00000 
      65   -3.24838    2.57054    0.00000 
      66   -2.70552    3.02033    0.00000 
      67   -3.54988    2.43255    0.00000 
      68   -2.81464    2.87656    0.00000 
      69   -2.57803    3.19141    0.00000 
      70   -2.46951    3.33686    0.00000 
      71   -2.94586    2.69855    0.00000 
      72   -3.37293    2.41452    0.00000 
      73   -2.30235    3.84075    0.00000 
      74   -3.87074    2.29114    0.00000 
      75   -2.35581    3.50101    0.00000 
      76   -3.67572    2.27879    0.00000 
      77   -3.21077    2.40447    0.00000 
      78   -3.05767    2.48869    0.00000 
      79   -2.50648    3.00504    0.00000 
      80   -4.00000    2.20000    0.00000 
      81   -2.20000    4.00000    0.00000 
      82   -2.61808    2.84087    0.00000 
      83   -2.22941    3.65478    0.00000 
      84   -2.74654    2.68875    0.00000 
      85   -2.38106    3.15892    0.00000 
      86   -3.47895    2.25122    0.00000 
      87   -2.27152    3.31999    0.00000 
      88   -2.85330    2.52175    0.00000 
      89   -2.10547    3.82673    0.00000 
      90   -3.28067    2.23855    0.00000 
      91   -3.83556    2.10401    0.00000 
      92   -3.11131    2.29725    0.00000 
      93   -2.14601    3.47530    0.00000 
      94   -2.41979    2.83151    0.00000 
      95   -2.31541    2.97158    0.00000 
      96   -2.55005    2.65663    0.00000 
      97   -2.20410    3.13723    0.00000 
      98   -3.61244    2.04225    0.00000 
      99   -4.00000    2.00000    0.00000 
     100   -2.00000    4.00000    0.00000 
     101   -2.65511    2.51909    0.00000 
     102   -2.03064    3.63803    0.00000 
     103   -2.91690    2.27486    0.00000 
     104   -3.35146    2.05855    0.00000 
     105   -2.07531    3.28855    0.00000 
     106   -2.74637    2.36591    0.00000 
     107   -3.82519    1.90563    0.00000 
     108   -1.90415    3.79259    0.00000 
     109   -1.96380    3.45437    0.00000 
     110   -3.09053    2.07968    0.00000 
     111   -2.35091    2.64426    0.00000 
     112   -2.22348    2.79588    0.00000 
     113   -2.11762    2.95737    0.00000 
     114   -2.45970    2.47874    0.00000 
     115   -3.47280    1.88336    0.00000 
     116   -2.59082    2.33019    0.00000 
     117   -1.99012    3.11090    0.00000 
     118   -4.00000    1.80000    0.00000 
     119   -1.80000    4.00000    0.00000 
     120   -1.83446    3.60542    0.00000 
     121   -3.64741    1.81420    0.00000 
     122   -2.71570    2.18365    0.00000 
     123   -1.87653    3.27462    0.00000 
     124   -3.84914    1.73437    0.00000 
     125   -2.84575    2.03411    0.00000 
     126   -2.05408    2.77504    0.00000 
     127   -2.16232    2.60750    0.00000 
     128   -2.26169    2.47409    0.00000 
     129   -3.23828    1.80725    0.00000 
     130   -3.46944    1.72295    0.00000 
     131   -2.39543    2.29733    0.00000 
     132   -1.92230    2.92320    0.00000 
     133   -2.98099    1.88691    0.00000 
     134   -1.65703    3.77755    0.00000 
     135   -1.71672    3.39294    0.00000 
     136   -2.52186    2.14295    0.00000 
     137   -1.79101    3.09403    0.00000 
     138   -4.00000    1.60000    0.00000 
     139   -1.60000    4.00000    0.00000 
     140   -2.64760    1.99766    0.00000 
     141   -3.77308    1.55200    0.00000 
     142   -1.96477    2.59668    0.00000 
     143   -3.57314    1.55588    0.00000 
     144   -3.02898    1.71461    0.00000 
     145   -2.06621    2.43457    0.00000 
     146   -2.19633    2.28567    0.00000 
     147   -1.55253    3.51209    0.00000 
     148   -2.75746    1.83111    0.00000 
     149   -1.48649    3.86093    0.00000 
     150   -3.36229    1.56021    0.00000 
     151   -2.30423    2.11996    0.00000 
     152   -2.45558    1.99033    0.00000 
     153   -1.81450    2.71218    0.00000 
     154   -1.59561    3.18432    0.00000 
     155   -3.15661    1.55349    0.00000 
     156   -1.42158    3.67181    0.00000 
     157   -4.00000    1.40000    0.00000 
     158   -1.40000    4.00000    0.00000 
     159   -1.48328    3.33599    0.00000 
     160   -1.66154    2.84220    0.00000 
     161   -2.55820    1.82091    0.00000 
     162   -2.84564    1.65404    0.00000 
     163   -1.90529    2.41494    0.00000 
     164   -3.66969    1.38082    0.00000 
     165   -2.00990    2.24501    0.00000 
     166   -1.53277    2.99458    0.00000 
     167   -3.47005    1.38459    0.00000 
     168   -2.10650    2.11732    0.00000 
     169   -2.96526    1.53235    0.00000 
     170   -1.35453    3.48431    0.00000 
     171   -2.26682    1.92643    0.00000 
     172   -2.65243    1.64445    0.00000 
     173   -1.29029    3.82239    0.00000 
     174   -3.27145    1.36541    0.00000 
     175   -1.39996    3.14346    0.00000 
     176   -1.69904    2.48621    0.00000 
     177   -1.58525    2.64978    0.00000 
     178   -2.76663    1.51253    0.00000 
     179   -1.22624    3.63316    0.00000 
     180   -2.34498    1.74290    0.00000 
     181   -3.81891    1.20615    0.00000 
     182   -4.00000    1.20000    0.00000 
     183   -1.20000    4.00000    0.00000 
     184   -1.46489    2.80858    0.00000 
     185   -1.28034    3.29884    0.00000 
     186   -1.81183    2.23863    0.00000 
     187   -3.07341    1.34114    0.00000 
     188   -3.56564    1.21041    0.00000 
     189   -1.91076    2.07343    0.00000 
     190   -2.03059    1.93163    0.00000 
     191   -1.33908    2.95347    0.00000 
     192   -3.38586    1.20370    0.00000 
     193   -2.88190    1.35097    0.00000 
     194   -2.44757    1.57240    0.00000 
     195   -2.60412    1.47053    0.00000 
     196   -2.14841    1.76590    0.00000 
     197   -1.14912    3.44946    0.00000 
     198   -1.10350    3.79082    0.00000 
     199   -1.21866    3.11269    0.00000 
     200   -1.50029    2.47202    0.00000 
     201   -3.19477    1.18277    0.00000 
     202   -1.38993    2.62396    0.00000 
     203   -3.67811    1.04565    0.00000 
     204   -2.68358    1.33157    0.00000 
     205   -1.74312    2.05875    0.00000 
     206   -2.99634    1.18717    0.00000 
     207   -1.02894    3.60544    0.00000 
     208   -2.20118    1.59972    0.00000 
     209   -4.00000    1.00000    0.00000 
     210   -1.00000    4.00000    0.00000 
     211   -1.56395    2.24253    0.00000 
     212   -1.25767    2.77240    0.00000 
     213   -1.08508    3.26024    0.00000 
     214   -1.84869    1.89846    0.00000 
     215   -3.48082    1.02985    0.00000 
     216   -1.94507    1.76770    0.00000 
     217   -3.28306    1.04126    0.00000 
     218   -1.14216    2.92830    0.00000 
     219   -2.03805    1.64541    0.00000 
     220   -2.79721    1.17059    0.00000 
     221   -2.50003    1.30687    0.00000 
     222   -0.96419    3.41948    0.00000 
     223   -1.31448    2.44388    0.00000 
     224   -2.27203    1.42141    0.00000 
     225   -0.89965    3.75778    0.00000 
     226   -1.38254    2.30330    0.00000 
     227   -3.08722    1.01595    0.00000 
     228   -1.00769    3.05748    0.00000 
     229   -1.19917    2.58239    0.00000 
     230   -1.66264    1.88451    0.00000 
     231   -3.80092    0.85326    0.00000 
     232   -2.89560    1.04522    0.00000 
     233   -3.58661    0.87015    0.00000 
     234   -3.39605    0.88982    0.00000 
     235   -2.61062    1.14853    0.00000 
     236   -1.08530    2.74279    0.00000 
     237   -1.75712    1.73591    0.00000 
     238   -0.83299    3.56942    0.00000 
     239   -4.00000    0.80000    0.00000 
     240   -0.80000    4.00000    0.00000 
     241   -1.85647    1.59892    0.00000 
     242   -1.47079    2.00561    0.00000 
     243   -2.32499    1.24471    0.00000 
     244   -1.98564    1.46545    0.00000 
     245   -3.19888    0.86264    0.00000 
     246   -0.94813    2.88630    0.00000 
     247   -1.34004    2.13319    0.00000 
     248   -2.68244    1.02183    0.00000 
     249   -0.84440    3.19477    0.00000 
     250   -3.01020    0.88194    0.00000 
     251   -1.22351    2.26582    0.00000 
     252   -2.42799    1.12768    0.00000 
     253   -3.86853    0.71376    0.00000 
     254   -1.11660    2.41517    0.00000 
     255   -0.76824    3.38040    0.00000 
     256   -2.14106    1.27272    0.00000 
     257   -1.50523    1.83428    0.00000 
     258   -1.59698    1.72112    0.00000 
     259   -1.01410    2.55942    0.00000 
     260   -3.67224    0.68998    0.00000 
     261   -0.68051    3.73968    0.00000 
     262   -3.47354    0.70769    0.00000 
     263   -1.68743    1.59097    0.00000 
     264   -2.81316    0.86357    0.00000 
     265   -2.52869    0.98398    0.00000 
     266   -0.80769    2.96257    0.00000 
     267   -3.31791    0.70676    0.00000 
     268   -1.80059    1.44947    0.00000 
     269   -1.98404    1.28107    0.00000 
     270   -0.65102    3.47042    0.00000 
     271   -1.28401    1.96878    0.00000 
     272   -1.36699    1.85637    0.00000 
     273   -2.22400    1.10408    0.00000 
     274   -0.60000    4.00000    0.00000 
     275   -4.00000    0.60000    0.00000 
     276   -0.83622    2.74089    0.00000 
     277   -3.11811    0.71017    0.00000 
     278   -1.16554    2.10632    0.00000 
     279   -1.05549    2.24197    0.00000 
     280   -0.64071    3.26626    0.00000 
     281   -1.42877    1.70378    0.00000 
     282   -2.35333    0.96888    0.00000 
     283   -0.94422    2.39684    0.00000 
     284   -3.80146    0.55416    0.00000 
     285   -2.64190    0.82061    0.00000 
     286   -2.92090    0.70534    0.00000 
     287   -1.52308    1.56903    0.00000 
     288   -3.59357    0.55083    0.00000 
     289   -2.05566    1.11961    0.00000 
     290   -0.64073    3.06178    0.00000 
     291   -1.61968    1.43964    0.00000 
     292   -0.50000    3.82679    0.00000 
     293   -3.39677    0.53402    0.00000 
     294   -1.76633    1.27846    0.00000 
     295   -2.72949    0.70809    0.00000 
     296   -2.44337    0.83004    0.00000 
     297   -1.10326    1.95188    0.00000 
     298   -0.47993    3.55331    0.00000 
     299   -0.76328    2.54052    0.00000 
     300   -1.20022    1.81444    0.00000 
     301   -3.21455    0.53574    0.00000 
     302   -1.28261    1.70654    0.00000 
     303   -1.89279    1.12984    0.00000 
     304   -1.00185    2.07573    0.00000 
     305   -2.12763    0.96518    0.00000 
     306   -0.62422    2.83777    0.00000 
     307   -0.90343    2.21056    0.00000 
     308   -0.47474    3.35339    0.00000 
     309   -1.35774    1.55543    0.00000 
     310   -0.40000    4.00000    0.00000 
     311   -4.00000    0.40000    0.00000 
     312   -2.83135    0.58442    0.00000 
     313   -2.28817    0.81677    0.00000 
     314   -0.75313    2.38189    0.00000 
     315   -1.44249    1.42402    0.00000 
     316   -0.46921    3.15358    0.00000 
     317   -2.53708    0.67584    0.00000 
     318   -2.97759    0.50579    0.00000 
     319   -3.67441    0.37037    0.00000 
     320   -1.96871    0.97308    0.00000 
     321   -0.61082    2.65683    0.00000 
     322   -1.73249    1.13324    0.00000 
     323   -3.50292    0.36578    0.00000 
     324   -1.56839    1.23749    0.00000 
     325   -1.03444    1.80216    0.00000 
     326   -0.45816    2.95576    0.00000 
     327   -0.94022    1.92800    0.00000 
     328   -3.30403    0.36168    0.00000 
     329   -1.11937    1.66919    0.00000 
     330   -0.30936    3.65775    0.00000 
     331   -1.20551    1.55789    0.00000 
     332   -2.37172    0.66443    0.00000 
     333   -0.82925    2.06102    0.00000 
     334   -0.28187    3.85566    0.00000 
     335   -2.63878    0.53536    0.00000 
     336   -2.05204    0.82516    0.00000 
     337   -1.81040    0.97638    0.00000 
     338   -0.72323    2.20677    0.00000 
     339   -0.58215    2.47755    0.00000 
     340   -3.10966    0.36564    0.00000 
     341   -1.28614    1.42108    0.00000 
     342   -0.46425    2.75215    0.00000 
     343   -0.26053    3.46519    0.00000 
     344   -2.21143    0.66089    0.00000 
     345   -3.79108    0.20998    0.00000 
     346   -2.46559    0.52630    0.00000 
     347   -0.20000    4.00000    0.00000 
     348   -4.00000    0.20000    0.00000 
     349   -1.59262    1.05516    0.00000 
     350   -2.76623    0.39667    0.00000 
     351   -1.89001    0.82264    0.00000 
     352   -1.34696    1.25340    0.00000 
     353   -0.88455    1.78965    0.00000 
     354   -0.57370    2.30322    0.00000 
     355   -3.59331    0.19493    0.00000 
     356   -0.44720    2.57814    0.00000 
     357   -0.97188    1.65732    0.00000 
     358   -0.24179    3.26515    0.00000 
     359   -1.04953    1.53875    0.00000 
     360   -3.39502    0.19936    0.00000 
     361   -0.76461    1.91070    0.00000 
     362   -1.12734    1.42156    0.00000 
     363   -1.66213    0.92076    0.00000 
     364   -2.29864    0.52173    0.00000 
     365   -2.57792    0.39252    0.00000 
     366   -0.23672    3.06359    0.00000 
     367   -1.44347    1.08381    0.00000 
     368   -1.74572    0.83183    0.00000 
     369   -3.20332    0.19049    0.00000 
     370   -0.60923    2.07863    0.00000 
     371   -2.92536    0.24340    0.00000 
     372   -1.99555    0.64331    0.00000 
     373   -0.43094    2.40362    0.00000 
     374   -0.25118    2.86319    0.00000 
     375   -0.28925    2.68146    0.00000 
     376   -2.40333    0.38684    0.00000 
     377   -2.14605    0.51024    0.00000 
     378   -1.52165    0.92152    0.00000 
     379   -1.26624    1.12570    0.00000 
     380   -0.98946    1.41155    0.00000 
     381   -0.88672    1.52855    0.00000 
     382   -1.81560    0.67745    0.00000 
     383   -2.68935    0.24519    0.00000 
     384   -0.74665    1.68379    0.00000 
     385   -1.04207    1.31275    0.00000 
     386   -0.30430    2.47664    0.00000 
     387    0.00000    4.00000    0.00000 
     388   -4.00000    0.00000    0.00000 
     389   -1.59787    0.79584    0.00000 
     390    0.00000    3.79376    0.00000 
     391   -3.79376    0.00000    0.00000 
     392   -0.40829    2.22737    0.00000 
     393   -1.12882    1.20674    0.00000 
     394    0.00000    3.58752    0.00000 
     395   -3.58752    0.00000    0.00000 
     396   -2.23261    0.38369    0.00000 
     397   -2.00389    0.49141    0.00000 
     398   -1.66682    0.70171    0.00000 
     399    0.00000    3.38128    0.00000 
     400   -3.38128    0.00000    0.00000 
     401   -0.57072    1.84676    0.00000 
     402   -1.36777    0.91540    0.00000 
     403    0.00000    3.17505    0.00000 
     404   -3.17505    0.00000    0.00000 
     405   -2.48263    0.20601    0.00000 
     406   -0.27672    2.31534    0.00000 
     407   -0.85004    1.39622    0.00000 
     408   -0.74780    1.51738    0.00000 
     409   -2.07929    0.38333    0.00000 
     410   -1.45670    0.78967    0.00000 
     411   -0.92398    1.28752    0.00000 
     412   -1.74245    0.57305    0.00000 
     413   -0.14880    2.57959    0.00000 
     414   -1.85308    0.49213    0.00000 
     415   -1.00498    1.18088    0.00000 
     416   -0.39480    1.99459    0.00000 
     417   -1.16747    1.00042    0.00000 
     418   -1.06528    1.09734    0.00000 
     419    0.00000    2.96881    0.00000 
     420   -2.96881    0.00000    0.00000 
     421   -0.55675    1.69367    0.00000 
     422   -1.51804    0.67924    0.00000 
     423   -2.30866    0.21152    0.00000 
     424   -0.15042    2.42097    0.00000 
     425   -2.16768    0.26233    0.00000 
     426   -0.26351    2.16342    0.00000 
     427   -1.23502    0.86161    0.00000 
     428    0.00000    2.76257    0.00000 
     429   -2.76257    0.00000    0.00000 
     430   -1.92371    0.36368    0.00000 
     431   -1.59243    0.56054    0.00000 
     432   -0.80847    1.27150    0.00000 
     433   -0.70343    1.38686    0.00000 
     434   -0.59020    1.52626    0.00000 
     435   -1.31716    0.74856    0.00000 
     436   -0.87547    1.16270    0.00000 
     437   -1.13316    0.88658    0.00000 
     438   -0.95095    1.06179    0.00000 
     439   -1.02763    0.98368    0.00000 
     440   -0.39319    1.77544    0.00000 
     441   -0.13583    2.25697    0.00000 
     442   -1.38352    0.66395    0.00000 
     443   -2.00857    0.24336    0.00000 
     444    0.00000    2.55633    0.00000 
     445   -2.55633    0.00000    0.00000 
     446   -1.81403    0.35084    0.00000 
     447   -0.23045    2.01644    0.00000 
     448   -1.44773    0.56354    0.00000 
     449   -0.43198    1.62765    0.00000 
     450   -1.18954    0.75708    0.00000 
     451   -1.66696    0.39652    0.00000 
     452   -0.24859    1.88032    0.00000 
     453   -0.13214    2.09873    0.00000 
     454   -0.67125    1.26163    0.00000 
     455    0.00000    2.36018    0.00000 
     456   -2.36018    0.00000    0.00000 
     457   -2.06509    0.12701    0.00000 
     458   -0.73570    1.15476    0.00000 
     459   -1.87917    0.22335    0.00000 
     460   -1.51256    0.44919    0.00000 
     461   -0.82523    1.04713    0.00000 
     462   -1.24609    0.64221    0.00000 
     463   -0.32517    1.68294    0.00000 
     464   -0.55283    1.34819    0.00000 
     465   -0.44511    1.49222    0.00000 
     466   -0.89856    0.94657    0.00000 
     467   -0.97940    0.85834    0.00000 
     468   -1.06869    0.76092    0.00000 
     469   -1.31620    0.54219    0.00000 
     470   -1.94421    0.12934    0.00000 
     471   -0.23762    1.74089    0.00000 
     472   -0.11683    1.94653    0.00000 
     473    0.00000    2.18332    0.00000 
     474   -2.18332    0.00000    0.00000 
     475   -1.73729    0.22997    0.00000 
     476   -1.38111    0.44813    0.00000 
     477   -1.12690    0.64541    0.00000 
     478   -0.32683    1.54130    0.00000 
     479   -0.59047    1.17930    0.00000 
     480   -0.78437    0.92956    0.00000 
     481   -0.42272    1.35453    0.00000 
     482   -0.86163    0.83719    0.00000 
     483   -0.11865    1.80803    0.00000 
     484   -1.18980    0.53381    0.00000 
     485    0.00000    2.02168    0.00000 
     486   -2.02168    0.00000    0.00000 
     487   -0.65992    1.03434    0.00000 
     488   -1.60875    0.22517    0.00000 
     489   -0.94000    0.73929    0.00000 
     490   -1.79785    0.10690    0.00000 
     491   -0.33262    1.42380    0.00000 
     492   -0.20870    1.60232    0.00000 
     493   -1.01304    0.64289    0.00000 
     494   -1.47428    0.28131    0.00000 
     495   -0.45158    1.23840    0.00000 
     496   -1.25025    0.43404    0.00000 
     497   -0.11675    1.66721    0.00000 
     498    0.00000    1.87212    0.00000 
     499   -1.87212    0.00000    0.00000 
     500   -1.67240    0.10913    0.00000 
     501   -1.07120    0.53004    0.00000 
     502   -1.31695    0.33322    0.00000 
     503   -0.50245    1.09642    0.00000 
     504   -0.21147    1.47519    0.00000 
     505   -0.74174    0.81694    0.00000 
     506   -0.90494    0.63951    0.00000 
     507   -0.81240    0.72601    0.00000 
     508   -0.33146    1.27004    0.00000 
     509   -0.63736    0.89827    0.00000 
     510   -1.13369    0.42925    0.00000 
     511   -1.54047    0.12263    0.00000 
     512    0.00000    1.73216    0.00000 
     513   -1.73216    0.00000    0.00000 
     514   -1.35422    0.22238    0.00000 
     515   -0.10197    1.53319    0.00000 
     516   -0.22095    1.35418    0.00000 
     517   -0.95705    0.52894    0.00000 
     518   -0.52703    0.95359    0.00000 
     519   -0.36267    1.15164    0.00000 
     520   -1.18386    0.32264    0.00000 
     521   -1.01511    0.43062    0.00000 
     522   -0.70711    0.70711    0.00000 
     523   -1.41437    0.12016    0.00000 
     524   -0.78183    0.62349    0.00000 
     525   -0.62349    0.78183    0.00000 
     526    0.00000    1.59977    0.00000 
     527   -1.59977    0.00000    0.00000 
     528   -0.40812    1.01788    0.00000 
     529   -0.10319    1.41493    0.00000 
     530   -1.23797    0.21872    0.00000 
     531   -0.84672    0.53203    0.00000 
     532   -0.53203    0.84672    0.00000 
     533   -0.22873    1.19320    0.00000 
     534   -1.05837    0.30491    0.00000 
     535   -0.90097    0.43388    0.00000 
     536   -0.43388    0.90097    0.00000 
     537    0.00000    1.47328    0.00000 
     538   -1.47328    0.00000    0.00000 
     539   -0.29242    1.06080    0.00000 
     540   -1.29185    0.10597    0.00000 
     541   -0.10306    1.29368    0.00000 
     542   -1.10590    0.21572    0.00000 
     543   -0.94388    0.33028    0.00000 
     544   -0.33028    0.94388    0.00000 
     545    0.00000    1.35125    0.00000 
     546   -1.35125    0.00000    0.00000 
     547   -1.17408    0.11133    0.00000 
     548   -0.18250    1.07414    0.00000 
     549   -0.10807    1.14792    0.00000 
     550   -0.97493    0.22252    0.00000 
     551   -0.22252    0.97493    0.00000 
     552    0.00000    1.23244    0.00000 
     553   -1.23244    0.00000    0.00000 
     554   -0.99371    0.11196    0.00000 
     555   -0.11196    0.99371    0.00000 
     556    0.00000    1.11571    0.00000 
     557   -1.11571    0.00000    0.00000 
     558    0.00000    1.00000    0.00000 
     559   -1.00000    0.00000    0.00000 
STRUCTURE_ELEMENTS
       1    559   554     557
       2    535   531     517
       3    517   531     506
       4    535   517     521
       5    525   532     509
       6    551   555     548
       7    548   555     549
       8    551   548     539
       9    539   548     533
      10    551   539     544
      11    550   543     534
      12    524   522     507
      13    507   522     505
      14    524   507     506
      15    536   544     528
      16    554   550     542
      17    531   524     506
      18    532   536     518
      19    518   536     528
      20    532   518     509
      21    555   558     556
      22    543   535     521
      23    522   525     505
      24    542   550     534
      25    554   547     557
      26    521   517     501
      27    501   517     493
      28    521   501     510
      29    507   505     482
      30    556   552     549
      31    549   552     541
      32    556   549     555
      33    553   557     547
      34    525   509     505
      35    534   543     521
      36    552   545     541
      37    546   553     540
      38    510   501     484
      39    521   510     534
      40    541   545     529
      41    484   501     477
      42    510   484     496
      43    496   484     469
      44    510   496     520
      45    528   544     539
      46    549   541     533
      47    529   545     537
      48    529   537     515
      49    515   537     526
      50    529   515     504
      51    541   529     516
      52    482   505     480
      53    480   505     509
      54    482   480     466
      55    466   480     461
      56    482   466     467
      57    467   466     439
      58    482   467     489
      59    507   482     489
      60    540   553     547
      61    540   547     530
      62    546   540     523
      63    523   540     514
      64    546   523     538
      65    538   523     511
      66    520   496     502
      67    502   496     476
      68    520   502     530
      69    520   530     542
      70    510   520     534
      71    515   526     497
      72    517   506     493
      73    493   506     489
      74    489   506     507
      75    493   489     468
      76    509   518     487
      77    487   518     503
      78    509   487     480
      79    542   534     520
      80    504   515     492
      81    529   504     516
      82    516   504     491
      83    533   548     549
      84    539   533     519
      85    519   533     508
      86    539   519     528
      87    508   533     516
      88    519   508     495
      89    518   528     503
      90    503   528     519
      91    495   508     481
      92    519   495     503
      93    461   480     487
      94    466   461     438
      95    487   503     479
      96    547   554     542
      97    547   542     530
      98    489   467     468
      99    540   530     514
     100    514   530     502
     101    514   502     494
     102    527   538     511
     103    527   511     500
     104    438   461     436
     105    436   461     458
     106    438   436     415
     107    466   438     439
     108    439   438     418
     109    418   438     415
     110    418   415     393
     111    439   418     417
     112    393   415     385
     113    418   379     417
     114    469   484     462
     115    462   484     477
     116    462   477     450
     117    469   462     442
     118    496   469     476
     119    476   469     448
     120    501   493     477
     121    477   493     468
     122    492   515     497
     123    492   497     471
     124    504   492     478
     125    479   503     495
     126    487   479     458
     127    458   479     454
     128    454   479     464
     129    458   454     432
     130    450   477     468
     131    450   468     437
     132    462   450     435
     133    435   450     427
     134    462   435     442
     135    442   435     410
     136    481   508     491
     137    481   491     465
     138    495   481     464
     139    464   481     465
     140    495   464     479
     141    511   523     494
     142    500   511     488
     143    527   500     513
     144    513   500     490
     145    490   500     475
     146    513   490     499
     147    499   490     470
     148    415   436     411
     149    502   476     494
     150    491   504     478
     151    491   478     465
     152    465   478     449
     153    516   491     508
     154    523   514     494
     155    468   467     437
     156    526   512     497
     157    488   511     494
     158    500   488     475
     159    475   488     451
     160    541   516     533
     161    478   492     463
     162    448   469     442
     163    448   442     422
     164    476   448     460
     165    460   448     431
     166    476   460     494
     167    497   512     483
     168    411   436     432
     169    432   436     458
     170    411   432     407
     171    407   432     433
     172    411   407     380
     173    415   411     385
     174    385   411     380
     175    385   380     362
     176    467   439     437
     177    449   478     463
     178    449   463     440
     179    465   449     434
     180    422   442     410
     181    422   410     389
     182    448   422     431
     183    431   422     398
     184    393   385     362
     185    432   454     433
     186    433   454     464
     187    490   475     459
     188    362   380     359
     189    427   450     437
     190    427   437     417
     191    417   437     439
     192    435   402     410
     193    512   498     483
     194    483   498     472
     195    472   498     485
     196    483   472     452
     197    472   485     453
     198    458   461     487
     199    380   407     381
     200    359   380     381
     201    362   359     331
     202    497   483     471
     203    471   483     452
     204    471   452     440
     205    389   410     378
     206    422   389     398
     207    398   389     368
     208    492   471     463
     209    463   471     440
     210    449   440     421
     211    421   440     401
     212    449   421     434
     213    434   421     384
     214    459   475     446
     215    490   459     470
     216    470   459     443
     217    443   459     430
     218    470   443     457
     219    457   443     425
     220    470   457     486
     221    486   457     474
     222    359   381     357
     223    357   381     384
     224    359   357     329
     225    446   475     451
     226    459   446     430
     227    430   446     414
     228    452   472     447
     229    447   472     453
     230    447   453     426
     231    452   447     416
     232    451   488     494
     233    460   431     451
     234    446   451     414
     235    426   453     441
     236    447   426     416
     237    381   407     408
     238    430   414     397
     239    378   410     402
     240    389   378     363
     241    363   378     349
     242    389   363     368
     243    368   363     337
     244    494   460     451
     245    443   430     409
     246    499   470     486
     247    329   357     325
     248    359   329     331
     249    331   329     302
     250    465   434     464
     251    407   433     408
     252    408   433     434
     253    431   398     412
     254    412   398     382
     255    431   412     451
     256    382   398     368
     257    412   382     414
     258    382   368     351
     259    412   414     451
     260    351   368     337
     261    382   351     372
     262    397   414     372
     263    430   397     409
     264    409   397     377
     265    377   397     372
     266    409   377     396
     267    349   378     367
     268    363   349     337
     269    453   485     473
     270    396   377     364
     271    409   396     425
     272    425   396     423
     273    409   425     443
     274    364   377     344
     275    396   364     376
     276    401   440     416
     277    421   401     384
     278    402   435     427
     279    402   427     417
     280    378   402     367
     281    367   402     379
     282    453   473     441
     283    441   473     455
     284    423   396     376
     285    423   376     405
     286    425   423     474
     287    362   331     341
     288    325   357     353
     289    353   357     384
     290    325   353     327
     291    327   353     361
     292    325   327     297
     293    329   325     300
     294    426   441     406
     295    406   441     424
     296    426   406     392
     297    392   406     373
     298    426   392     416
     299    474   457     425
     300    381   408     384
     301    384   408     434
     302    341   331     309
     303    309   331     302
     304    341   309     315
     305    315   309     287
     306    341   315     352
     307    352   315     324
     308    341   352     393
     309    362   341     393
     310    452   416     440
     311    344   377     372
     312    364   344     332
     313    332   344     313
     314    364   332     346
     315    324   315     291
     316    352   324     367
     317    349   367     324
     318    424   441     455
     319    424   455     444
     320    406   424     386
     321    386   424     413
     322    406   386     373
     323    373   386     356
     324    297   327     304
     325    304   327     333
     326    297   304     278
     327    325   297     300
     328    372   351     336
     329    336   351     320
     330    372   336     344
     331    382   372     414
     332    329   300     302
     333    302   300     272
     334    287   309     281
     335    281   309     302
     336    281   302     272
     337    287   281     258
     338    281   272     257
     339    315   287     291
     340    291   287     263
     341    263   287     258
     342    263   258     237
     343    237   258     230
     344    263   237     241
     345    291   263     268
     346    278   304     279
     347    297   278     271
     348    346   332     317
     349    317   332     296
     350    346   317     335
     351    364   346     376
     352    376   346     365
     353    257   272     242
     354    281   257     258
     355    258   257     230
     356    230   257     242
     357    300   297     271
     358    320   351     337
     359    320   337     303
     360    336   320     305
     361    305   320     289
     362    336   305     313
     363    241   237     216
     364    263   241     268
     365    268   241     244
     366    289   320     303
     367    289   303     269
     368    305   289     273
     369    273   289     256
     370    305   282     313
     371    433   464     434
     372    272   300     271
     373    272   271     242
     374    333   327     361
     375    333   361     370
     376    304   333     307
     377    307   333     338
     378    304   307     279
     379    279   307     283
     380    313   344     336
     381    332   313     296
     382    296   313     282
     383    282   305     273
     384    296   282     265
     385    335   317     295
     386    346   335     365
     387    365   335     350
     388    303   337     322
     389    322   337     349
     390    303   322     294
     391    322   349     324
     392    294   322     324
     393    303   294     269
     394    278   279     251
     395    251   279     254
     396    278   251     247
     397    376   365     405
     398    405   365     383
     399    356   386     375
     400    373   356     339
     401    339   356     321
     402    373   339     354
     403    354   339     314
     404    373   354     392
     405    237   230     214
     406    265   282     252
     407    252   282     273
     408    265   252     235
     409    296   265     285
     410    361   353     384
     411    289   269     256
     412    256   269     244
     413    247   251     226
     414    278   247     271
     415    271   247     242
     416    456   474     423
     417    324   291     294
     418    317   296     285
     419    317   285     295
     420    295   285     264
     421    264   285     248
     422    295   264     286
     423    338   333     370
     424    338   370     354
     425    338   354     314
     426    338   314     307
     427    291   268     294
     428    294   268     269
     429    423   405     456
     430    321   356     342
     431    342   356     375
     432    321   342     306
     433    306   342     326
     434    321   306     276
     435    339   321     299
     436    413   424     444
     437    413   444     428
     438    392   354     370
     439    242   247     211
     440    370   361     401
     441    254   279     283
     442    254   283     259
     443    259   283     299
     444    254   259     229
     445    251   254     223
     446    235   252     221
     447    265   235     248
     448    248   235     220
     449    265   248     285
     450    383   365     350
     451    383   350     371
     452    405   383     445
     453    244   269     268
     454    244   241     219
     455    214   230     205
     456    237   214     216
     457    216   214     190
     458    190   214     189
     459    216   190     196
     460    189   214     205
     461    189   205     186
     462    190   189     168
     463    229   259     236
     464    254   229     223
     465    223   229     202
     466    273   256     243
     467    243   256     224
     468    273   243     252
     469    224   256     244
     470    243   224     221
     471    252   243     221
     472    219   241     216
     473    219   216     196
     474    219   196     208
     475    244   219     208
     476    226   251     223
     477    226   223     200
     478    220   235     204
     479    248   232     264
     480    200   223     202
     481    200   202     177
     482    226   200     211
     483    226   211     247
     484    350   335     312
     485    375   386     413
     486    375   413     428
     487    342   375     374
     488    374   375     428
     489    342   374     326
     490    326   374     366
     491    276   306     266
     492    321   276     299
     493    283   307     314
     494    286   264     250
     495    295   286     312
     496    312   286     318
     497    295   312     335
     498    318   286     277
     499    312   318     350
     500    208   196     180
     501    283   314     299
     502    299   314     339
     503    205   230     242
     504    366   374     419
     505    326   366     316
     506    186   205     211
     507    189   186     165
     508    235   221     204
     509    204   221     195
     510    371   350     318
     511    383   371     429
     512    202   229     212
     513    299   276     259
     514    445   456     405
     515    195   221     194
     516    204   195     178
     517    236   259     276
     518    229   236     212
     519    212   236     218
     520    218   236     246
     521    212   218     191
     522    220   204     193
     523    177   202     184
     524    200   177     176
     525    277   286     250
     526    318   277     301
     527    250   264     232
     528    180   196     171
     529    208   180     194
     530    316   366     358
     531    326   316     290
     532    165   186     163
     533    189   165     168
     534    168   165     146
     535    146   165     145
     536    168   146     151
     537    145   165     163
     538    145   163     142
     539    142   163     176
     540    145   142     127
     541    146   145     128
     542    151   146     131
     543    168   151     171
     544    171   151     152
     545    127   142     126
     546    145   127     128
     547    128   127     111
     548    111   127     112
     549    128   111     114
     550    112   127     126
     551    112   126     113
     552    113   126     132
     553    112   113      95
     554    111   112      94
     555    114   111      96
     556    128   114     131
     557    131   114     116
     558    116   114     101
     559    131   116     136
     560    132   126     153
     561    113   132     117
     562     95   113      97
     563    112    95      94
     564     94    95      79
     565     79    95      85
     566     94    79      82
     567    246   236     276
     568    191   218     199
     569     85    95      97
     570     85    97      87
     571     87    97     105
     572     85    87      70
     573     82    79      66
     574    218   246     228
     575    212   191     184
     576    184   191     166
     577    166   191     175
     578    184   166     160
     579     79    85      69
     580     94    82      96
     581     96    82      84
     582    105    97     117
     583    105   117     123
     584     87   105      93
     585     70    87      75
     586     85    70      69
     587     69    70      55
     588     55    70      60
     589     69    55      54
     590    202   212     184
     591     60    70      75
     592     60    75      64
     593     64    75      83
     594     60    64      50
     595     55    60      46
     596     54    55      41
     597     69    54      66
     598     66    54      53
     599    178   195     172
     600     84    82      68
     601     83    75      93
     602     83    93     102
     603     50    64      57
     604    204   178     193
     605    193   178     169
     606     96    84     101
     607     96   101     114
     608    101    84      88
     609     88    84      71
     610    101    88     106
     611     64    83      73
     612     60    50      46
     613     46    50      35
     614     35    50      44
     615     46    35      34
     616    176   177     153
     617     44    50      57
     618     44    57      49
     619     44    49      37
     620     49    57      63
     621     44    37      35
     622     63    57      73
     623     63    73      81
     624     81    73      89
     625     89    73      83
     626     81    89     100
     627     34    35      27
     628    123   117     137
     629    220   193     206
     630    200   176     211
     631     46    34      41
     632     41    34      30
     633    177   184     160
     634    105   123     109
     635    301   277     267
     636    318   301     340
     637    152   151     136
     638    152   136     140
     639    140   136     122
     640    152   140     161
     641    122   136     116
     642    122   116     106
     643    106   116     101
     644    122   106     103
     645    103   106      88
     646    122   103     125
     647    140   122     125
     648    161   140     148
     649    152   161     180
     650    125   103     110
     651    171   152     180
     652     53    54      40
     653     66    53      68
     654     66    68      82
     655     68    53      56
     656     56    53      42
     657     68    56      71
     658     71    56      59
     659    232   248     220
     660    232   220     206
     661    232   206     227
     662    227   206     201
     663    232   227     250
     664    250   227     245
     665    245   227     217
     666    250   245     277
     667    277   245     267
     668    217   227     201
     669    217   201     192
     670    192   201     174
     671    217   192     215
     672    267   245     234
     673    245   217     234
     674    234   217     215
     675    234   215     233
     676    233   215     203
     677    234   233     262
     678    203   215     188
     679    233   203     231
     680    262   233     260
     681    234   262     267
     682    267   262     293
     683    293   262     288
     684    267   293     301
     685    301   293     328
     686    328   293     323
     687    301   328     340
     688    340   328     369
     689    288   262     260
     690    288   260     284
     691    284   260     253
     692    288   284     319
     693    293   288     323
     694    253   260     231
     695    253   231     239
     696    253   239     275
     697    253   275     284
     698    319   284     311
     699    288   319     323
     700    323   319     355
     701    355   319     345
     702    323   355     360
     703    174   201     187
     704    192   174     167
     705    215   192     188
     706    188   192     167
     707    345   319     311
     708    355   345     391
     709    360   355     395
     710    395   355     391
     711    323   360     328
     712    328   360     369
     713    369   360     400
     714    201   206     187
     715    187   206     193
     716    187   193     169
     717    340   369     371
     718    188   167     164
     719    194   180     161
     720    131   146     128
     721    203   188     181
     722    233   231     260
     723    171   196     190
     724    126   142     153
     725    153   142     176
     726    102    93     109
     727    109    93     105
     728    102   109     120
     729    120   109     135
     730    102   120     108
     731    208   194     224
     732    208   224     244
     733    224   194     221
     734    195   194     172
     735    151   131     136
     736     83   102      89
     737    231   203     209
     738    358   366     403
     739    125   110     133
     740    163   186     176
     741     71    84      68
     742    290   316     280
     743    160   166     137
     744    174   187     155
     745    111    94      96
     746    161   148     172
     747    161   172     194
     748    172   148     162
     749    162   148     133
     750    172   162     178
     751    178   162     169
     752    169   162     144
     753    144   162     133
     754    144   133     129
     755    169   144     155
     756    169   155     187
     757    129   133     110
     758    144   129     155
     759    316   358     308
     760    166   175     154
     761    175   191     199
     762    175   199     185
     763    185   199     213
     764    175   185     159
     765    213   199     228
     766    185   213     197
     767    159   185     170
     768    175   159     154
     769    154   159     135
     770    213   228     249
     771     88    71      78
     772    326   290     306
     773    148   140     125
     774    167   174     150
     775    110   103      92
     776     97   113     117
     777     79    69      66
     778     71    59      78
     779    117   132     137
     780     30    34      24
     781     59    56      45
     782    132   153     160
     783     41    30      40
     784     41    40      54
     785     40    30      31
     786     31    30      22
     787     40    31      42
     788     42    31      33
     789    199   218     228
     790     56    42      45
     791     45    42      33
     792     45    33      38
     793     38    33      28
     794     45    38      51
     795    228   246     266
     796    266   246     276
     797     75    87      93
     798    188   164     181
     799    181   164     157
     800    164   167     143
     801     33    31      23
     802     42    53      40
     803     41    55      46
     804    102   108      89
     805     28    33      23
     806    135   109     123
     807    135   123     154
     808    159   170     147
     809     57    64      73
     810    185   197     170
     811     51    38      43
     812    120   135     147
     813    213   249     222
     814    197   213     222
     815    197   222     207
     816    207   222     238
     817    197   207     179
     818    238   222     255
     819    207   238     225
     820    179   207     198
     821    197   179     170
     822    170   179     156
     823    156   179     173
     824    170   156     147
     825     38    28      32
     826    249   228     266
     827    108   120     134
     828     22    30      24
     829     45    51      59
     830     59    51      65
     831     65    51      58
     832     59    65      78
     833     58    51      43
     834     58    43      52
     835     52    43      39
     836     58    52      67
     837     65    58      72
     838     39    43      32
     839     39    32      29
     840     29    32      21
     841     39    29      36
     842     52    39      47
     843     67    52      61
     844     58    67      72
     845     72    67      86
     846     86    67      76
     847     72    86      90
     848     21    32      28
     849     21    28      20
     850     20    28      23
     851     21    20      14
     852     76    67      61
     853     76    61      74
     854     74    61      62
     855     74    62      80
     856     74    80      91
     857     76    74      91
     858     91    80      99
     859     91    99     107
     860    107    99     118
     861     91   107      98
     862     90    86     104
     863     29    21      17
     864     86    76      98
     865     72    90      77
     866     78    65      77
     867     77    65      72
     868     78    77      92
     869     92    77      90
     870     92    90     110
     871     14    20      13
     872     21    14      17
     873     47    39      36
     874     98   107     121
     875     61    52      47
     876    104    86      98
     877     91    98      76
     878     13    20      15
     879     14    13       8
     880     31    22      23
     881     23    22      15
     882     23    15      20
     883    255   222     249
     884    255   249     280
     885    255   280     270
     886    207   225     198
     887     27    35      26
     888    156   173     149
     889    400   360     395
     890    238   255     270
     891    179   198     173
     892    173   198     183
     893    173   183     158
     894    225   238     261
     895     34    27      24
     896     24    27      19
     897     19    27      26
     898     24    19      16
     899     16    19      12
     900     24    16      22
     901     12    19      18
     902     16    12       9
     903    123   137     154
     904    318   340     371
     905    167   150     143
     906    164   143     141
     907    308   358     343
     908    280   316     308
     909     88    78     103
     910     90   104     110
     911    110   104     129
     912     98   121     115
     913    203   181     209
     914    166   154     137
     915    290   280     249
     916     92   103      78
     917    125   133     148
     918    174   155     150
     919    121   107     124
     920    108   134     119
     921    270   280     308
     922    141   143     121
     923     13    15       9
     924      9    15      16
     925    261   238     270
     926    115   121     130
     927    159   147     135
     928     14     8      11
     929     11     8       6
     930      6     8       4
     931      4     8      13
     932      6     4       3
     933    343   358     399
     934     38    32      43
     935      9    12       7
     936      7    12      10
     937     10    12      18
     938      9     7       4
     939    124   107     118
     940    164   141     157
     941    134   120     147
     942    225   261     240
     943     98   115     104
     944    104   115     129
     945    149   173     158
     946    149   158     139
     947    149   139     134
     948    308   343     298
     949    298   343     330
     950    308   298     270
     951    270   298     261
     952    156   149     134
     953    121   124     141
     954    141   124     138
     955    387   347     390
     956    138   157     141
     957    139   119     134
     958     17    25      29
     959    240   210     225
     960      1     3       2
     961    130   121     143
     962    130   143     150
     963    330   343     394
     964    310   274     292
     965    292   274     261
     966    310   292     334
     967    334   292     330
     968    334   330     390
     969    310   334     347
     970    347   334     390
     971      5     2       7
     972      5     7      10
     973    182   209     181
     974     36    48      47
     975     47    48      61
     976    311   348     345
     977    298   330     292
     978     37    26      35
     979    115   130     129
     980    157   182     181
     981    119   100     108
     982     25    36      29
     983    210   183     198
     984    275   311     284
     985    274   240     261
     986    209   239     231
     987     48    62      61
     988     11    17      14
     989    348   388     391
     990     26    18      19
     991    118   138     124
     992    190   168     171
     993     22    16      15
     994    266   306     290
     995    266   290     249
     996    100    89     108
     997    401   361     384
     998    155   129     150
     999    150   129     130
    1000    242   211     205
    1001    399   394     343
    1002    420   429     371
    1003    419   403     366
    1004    400   404     369
    1005    369   404     420
    1006    428   419     374
    1007    394   390     330
    1008    429   445     383
    1009    403   399     358
    1010    147   156     134
    1011    198   225     210
    1012    177   160     153
    1013    418   393     379
    1014    379   393     352
    1015    417   379     402
    1016    367   379     352
    1017    391   345     348
    1018     13     9       4
    1019    401   416     370
    1020    137   132     160
    1021      3     4       2
    1022    292   261     298
    1023      4     7       2
    1024    420   371     369
    1025    416   392     370
    1026    176   186     211
STRUCTURE_DIRICHLET_NODES
     387 0.0  NaN  NaN  
     388 NaN  0.0  NaN  
     390 0.0  NaN  NaN  
     391 NaN  0.0  NaN  
     394 0.0  NaN  NaN  
     395 NaN  0.0  NaN  
     399 0.0  NaN  NaN  
     400 NaN  0.0  NaN  
     403 0.0  NaN  NaN  
     404 NaN  0.0  NaN  
     419 0.0  NaN  NaN  
     420 NaN  0.0  NaN  
     428 0.0  NaN  NaN  
     429 NaN  0.0  NaN  
     444 0.0  NaN  NaN  
     445 NaN  0.0  NaN  
     455 0.0  NaN  NaN  
     456 NaN  0.0  NaN  
     473 0.0  NaN  NaN  
     474 NaN  0.0  NaN  
     485 0.0  NaN  NaN  
     486 NaN  0.0  NaN  
     498 0.0  NaN  NaN  
     499 NaN  0.0  NaN  
     512 0.0  NaN  NaN  
     513 NaN  0.0  NaN  
     526 0.0  NaN  NaN  
     527 NaN  0.0  NaN  
     537 0.0  NaN  NaN  
     538 NaN  0.0  NaN  
     545 0.0  NaN  NaN  
     546 NaN  0.0  NaN  
     552 0.0  NaN  NaN  
     553 NaN  0.0  NaN  
     556 0.0  NaN  NaN  
     557 NaN  0.0  NaN  
     558 0.0  NaN  NaN  
     559 NaN  0.0  NaN  
STRUCTURE_FORCE_NODES
       1 boundaryLoad computeSigmaVerticalEdgeForInfinitePlateWithHole
       1 boundaryLoad computeSigmaHoriztalEdgeForInfinitePlateWithHole
       2 boundaryLoad computeSigmaVerticalEdgeForInfinitePlateWithHole
       3 boundaryLoad computeSigmaHoriztalEdgeForInfinitePlateWithHole
       5 boundaryLoad computeSigmaVerticalEdgeForInfinitePlateWithHole
       6 boundaryLoad computeSigmaHoriztalEdgeForInfinitePlateWithHole
      10 boundaryLoad computeSigmaVerticalEdgeForInfinitePlateWithHole
      11 boundaryLoad computeSigmaHoriztalEdgeForInfinitePlateWithHole
      17 boundaryLoad computeSigmaHoriztalEdgeForInfinitePlateWithHole
      18 boundaryLoad computeSigmaVerticalEdgeForInfinitePlateWithHole
      25 boundaryLoad computeSigmaHoriztalEdgeForInfinitePlateWithHole
      26 boundaryLoad computeSigmaVerticalEdgeForInfinitePlateWithHole
      36 boundaryLoad computeSigmaHoriztalEdgeForInfinitePlateWithHole
      37 boundaryLoad computeSigmaVerticalEdgeForInfinitePlateWithHole
      48 boundaryLoad computeSigmaHoriztalEdgeForInfinitePlateWithHole
      49 boundaryLoad computeSigmaVerticalEdgeForInfinitePlateWithHole
      62 boundaryLoad computeSigmaHoriztalEdgeForInfinitePlateWithHole
      63 boundaryLoad computeSigmaVerticalEdgeForInfinitePlateWithHole
      80 boundaryLoad computeSigmaHoriztalEdgeForInfinitePlateWithHole
      81 boundaryLoad computeSigmaVerticalEdgeForInfinitePlateWithHole
      99 boundaryLoad computeSigmaHoriztalEdgeForInfinitePlateWithHole
     100 boundaryLoad computeSigmaVerticalEdgeForInfinitePlateWithHole
     118 boundaryLoad computeSigmaHoriztalEdgeForInfinitePlateWithHole
     119 boundaryLoad computeSigmaVerticalEdgeForInfinitePlateWithHole
     138 boundaryLoad computeSigmaHoriztalEdgeForInfinitePlateWithHole
     139 boundaryLoad computeSigmaVerticalEdgeForInfinitePlateWithHole
     157 boundaryLoad computeSigmaHoriztalEdgeForInfinitePlateWithHole
     158 boundaryLoad computeSigmaVerticalEdgeForInfinitePlateWithHole
     182 boundaryLoad computeSigmaHoriztalEdgeForInfinitePlateWithHole
     183 boundaryLoad computeSigmaVerticalEdgeForInfinitePlateWithHole
     209 boundaryLoad computeSigmaHoriztalEdgeForInfinitePlateWithHole
     210 boundaryLoad computeSigmaVerticalEdgeForInfinitePlateWithHole
     239 boundaryLoad computeSigmaHoriztalEdgeForInfinitePlateWithHole
     240 boundaryLoad computeSigmaVerticalEdgeForInfinitePlateWithHole
     274 boundaryLoad computeSigmaVerticalEdgeForInfinitePlateWithHole
     275 boundaryLoad computeSigmaHoriztalEdgeForInfinitePlateWithHole
     310 boundaryLoad computeSigmaVerticalEdgeForInfinitePlateWithHole
     311 boundaryLoad computeSigmaHoriztalEdgeForInfinitePlateWithHole
     347 boundaryLoad computeSigmaVerticalEdgeForInfinitePlateWithHole
     348 boundaryLoad computeSigmaHoriztalEdgeForInfinitePlateWithHole
     387 boundaryLoad computeSigmaVerticalEdgeForInfinitePlateWithHole
     388 boundaryLoad computeSigmaHoriztalEdgeForInfinitePlateWithHole
