%%%%%%%%%%%%%%%%%%%%%%%%%%%%%%%%%%%%%%%%%%%%%%%%%%%%%%%%%%%%%%%%%%%%%%%%%%%
%                                                                         %
%   License:        BSD License                                           %
%                   cane Multiphysics default license: cane/license.txt   %
%                                                                         %
%   Main authors:   Andreas Apostolatos                                   %
%                   Marko Leskovar                                        %
%                                                                         %
%%%%%%%%%%%%%%%%%%%%%%%%%%%%%%%%%%%%%%%%%%%%%%%%%%%%%%%%%%%%%%%%%%%%%%%%%%%

%%%%%%%%%%%%%%%%%%%%%%%%%%%%%%%%%%%%%%%%%%%%%%%%%%%%%%%%%%%%%%%%%%%%%%%%%%%
%                                                                         %
%   Matlab Input File                                                     %
%   _________________                                                     %
%                                                                         %
%   cane Multiphysics                                                     %
%                                                                         %
%%%%%%%%%%%%%%%%%%%%%%%%%%%%%%%%%%%%%%%%%%%%%%%%%%%%%%%%%%%%%%%%%%%%%%%%%%%

%%%%%%%%%%%%%%%%%%%%%%%%%%%%%%%%%%%%%%%%%%%%%%%%%%%%%%%%%%%%%%%%%%%%%%%%%%%
%                                                                         %
%   Structural Boundary Value Problem                                     %
%                                                                         %
%%%%%%%%%%%%%%%%%%%%%%%%%%%%%%%%%%%%%%%%%%%%%%%%%%%%%%%%%%%%%%%%%%%%%%%%%%%

STRUCTURE_ANALYSIS
 ANALYSIS_TYPE,planeStress

STRUCTURE_MATERIAL_PROPERTIES
 DENSITY,1.0
 YOUNGS_MODULUS,1e5
 POISSON_RATIO,0.3
 THICKNESS,1.0

STRUCTURE_NLINEAR_SCHEME
 NLINEAR_SCHEME,NEWTON_RAPHSON
 NO_LOAD_STEPS,1
 TOLERANCE,1e-9
 MAX_ITERATIONS,100

STRUCTURE_TRANSIENT_ANALYSIS
 SOLVER STEADY_STATE
 TIME_INTEGRATION EXPLICIT_EULER
 ALPHA_BETA -0.1
 GAMMA 0.6
 START_TIME 0
 END_TIME 10
 NUMBER_OF_TIME_STEPS 100
 ADAPTIVE_TIME_STEPPING true
 
STRUCTURE_INTEGRATION
 DOMAIN default
 domainNoGP 1
 boundaryNoGP 1

STRUCTURE_NODES
       1   -5.00000    0.00000    0.00000 
       2   -4.99573    0.20662    0.00000 
       3   -4.78666    0.00000    0.00000 
       4   -4.75565    0.22595    0.00000 
       5   -4.98292    0.41290    0.00000 
       6   -4.56332    0.00000    0.00000 
       7   -4.75877    0.49354    0.00000 
       8   -4.44650    0.24265    0.00000 
       9   -4.96160    0.61846    0.00000 
      10   -4.32967    0.00000    0.00000 
      11   -4.73431    0.68977    0.00000 
      12   -4.44025    0.55348    0.00000 
      13   -4.93181    0.82297    0.00000 
      14   -4.20755    0.25366    0.00000 
      15   -4.08543    0.00000    0.00000 
      16   -4.73118    0.91220    0.00000 
      17   -4.89358    1.02608    0.00000 
      18   -3.95786    0.26498    0.00000 
      19   -4.43502    0.94379    0.00000 
      20   -4.04217    0.55919    0.00000 
      21   -4.66118    1.07837    0.00000 
      22   -3.83028    0.00000    0.00000 
      23   -4.84700    1.22743    0.00000 
      24   -4.58729    1.26480    0.00000 
      25   -3.69713    0.27658    0.00000 
      26   -3.98115    0.99328    0.00000 
      27   -3.56397    0.00000    0.00000 
      28   -4.79214    1.42668    0.00000 
      29   -4.55621    1.45961    0.00000 
      30   -3.57622    0.62860    0.00000 
      31   -3.45301    0.24115    0.00000 
      32   -4.22900    1.43543    0.00000 
      33   -4.72909    1.62350    0.00000 
      34   -4.51911    1.63688    0.00000 
      35   -3.28622    0.00000    0.00000 
      36   -3.65885    1.26388    0.00000 
      37   -4.65796    1.81754    0.00000 
      38   -3.14151    0.30058    0.00000 
      39   -4.42012    1.83087    0.00000 
      40   -3.26304    0.95421    0.00000 
      41   -3.82560    1.61771    0.00000 
      42   -2.99679    0.00000    0.00000 
      43   -4.57887    2.00848    0.00000 
      44   -3.00830    0.65287    0.00000 
      45   -4.34068    2.01197    0.00000 
      46   -4.07766    1.90808    0.00000 
      47   -2.84613    0.31294    0.00000 
      48   -3.46260    1.60224    0.00000 
      49   -4.49196    2.19598    0.00000 
      50   -2.69547    0.00000    0.00000 
      51   -3.11218    1.32322    0.00000 
      52   -4.22721    2.18640    0.00000 
      53   -2.87176    1.00522    0.00000 
      54   -2.70659    0.66534    0.00000 
      55   -3.62729    1.96299    0.00000 
      56   -4.39737    2.37974    0.00000 
      57   -2.53875    0.32551    0.00000 
      58   -3.89592    2.25908    0.00000 
      59   -4.17485    2.38361    0.00000 
      60   -3.24246    1.93208    0.00000 
      61   -2.38204    0.00000    0.00000 
      62   -4.29527    2.55942    0.00000 
      63   -2.39278    0.67801    0.00000 
      64   -2.65842    1.34198    0.00000 
      65   -4.05848    2.53343    0.00000 
      66   -2.47761    0.98669    0.00000 
      67   -3.45280    2.25582    0.00000 
      68   -2.21919    0.33825    0.00000 
      69   -4.18583    2.73474    0.00000 
      70   -2.84354    1.94551    0.00000 
      71   -3.96388    2.72639    0.00000 
      72   -2.05634    0.00000    0.00000 
      73   -2.54998    1.67505    0.00000 
      74   -3.69246    2.66442    0.00000 
      75   -3.05714    2.28269    0.00000 
      76   -2.06175    0.68864    0.00000 
      77   -2.25928    1.32145    0.00000 
      78   -4.06924    2.90538    0.00000 
      79   -3.86418    2.85830    0.00000 
      80   -1.88728    0.34641    0.00000 
      81   -3.24352    2.59457    0.00000 
      82   -3.94570    3.07106    0.00000 
      83   -2.46539    2.06514    0.00000 
      84   -3.71395    3.01598    0.00000 
      85   -1.71822    0.00000    0.00000 
      86   -1.85177    1.02795    0.00000 
      87   -2.84299    2.62717    0.00000 
      88   -1.66589    0.67486    0.00000 
      89   -3.81542    3.23149    0.00000 
      90   -2.10958    1.88331    0.00000 
      91   -1.54290    0.34641    0.00000 
      92   -3.34693    3.07176    0.00000 
      93   -3.59046    3.19536    0.00000 
      94   -2.48057    2.46315    0.00000 
      95   -1.73220    1.32081    0.00000 
      96   -1.36758    0.00000    0.00000 
      97   -3.67862    3.38641    0.00000 
      98   -3.49278    3.32825    0.00000 
      99   -2.13148    2.28228    0.00000 
     100   -1.75351    1.72009    0.00000 
     101   -1.43481    0.99779    0.00000 
     102   -2.85356    3.01818    0.00000 
     103   -1.27999    0.63211    0.00000 
     104   -2.52735    2.85820    0.00000 
     105   -3.53554    3.53553    0.00000 
     106   -1.18596    0.34641    0.00000 
     107   -3.31237    3.45220    0.00000 
     108   -1.76751    2.11740    0.00000 
     109   -2.17368    2.67317    0.00000 
     110   -1.39736    1.53935    0.00000 
     111   -2.98418    3.39010    0.00000 
     112   -1.00435    0.00000    0.00000 
     113   -3.38641    3.67862    0.00000 
     114   -1.19515    1.31782    0.00000 
     115   -3.16688    3.58614    0.00000 
     116   -1.80817    2.51491    0.00000 
     117   -1.42102    1.93804    0.00000 
     118   -1.03840    0.95001    0.00000 
     119   -2.53325    3.25472    0.00000 
     120   -2.19325    3.07183    0.00000 
     121   -0.81641    0.34641    0.00000 
     122   -3.23150    3.81542    0.00000 
     123   -3.01598    3.71394    0.00000 
     124   -1.47424    2.32456    0.00000 
     125   -1.85329    2.91193    0.00000 
     126   -2.66031    3.63378    0.00000 
     127   -1.05317    1.78247    0.00000 
     128   -0.62848    0.00000    0.00000 
     129   -0.79809    1.26972    0.00000 
     130   -3.07107    3.94570    0.00000 
     131   -1.53408    2.70425    0.00000 
     132   -2.25583    3.45279    0.00000 
     133   -2.87035    3.86260    0.00000 
     134   -0.62532    0.69282    0.00000 
     135   -1.10446    2.17855    0.00000 
     136   -1.88271    3.31846    0.00000 
     137   -2.69898    3.95032    0.00000 
     138   -2.90539    4.06924    0.00000 
     139   -0.43423    0.34641    0.00000 
     140   -1.58618    3.08149    0.00000 
     141   -1.16197    2.56833    0.00000 
     142   -0.42078    1.03625    0.00000 
     143   -0.57817    1.58936    0.00000 
     144   -2.29049    3.84394    0.00000 
     145   -0.73412    2.02838    0.00000 
     146   -2.73474    4.18583    0.00000 
     147   -0.23999    0.00000    0.00000 
     148   -2.53484    4.08903    0.00000 
     149   -0.22646    0.68694    0.00000 
     150   -1.60673    3.46052    0.00000 
     151   -1.87374    3.70693    0.00000 
     152   -0.79051    2.42401    0.00000 
     153   -1.28389    3.17443    0.00000 
     154   -2.39054    4.16977    0.00000 
     155   -2.55943    4.29527    0.00000 
     156   -0.40523    1.94951    0.00000 
     157   -0.01355    0.34055    0.00000 
     158   -0.86326    2.92625    0.00000 
     159   -0.17992    1.62130    0.00000 
     160   -2.18963    4.25383    0.00000 
     161   -2.37974    4.39737    0.00000 
     162   -1.88532    4.09292    0.00000 
     163    0.16107    0.00000    0.00000 
     164   -1.22556    3.56994    0.00000 
     165   -1.49925    3.84224    0.00000 
     166    0.04101    1.28811    0.00000 
     167   -0.91248    3.32236    0.00000 
     168   -2.01197    4.34068    0.00000 
     169   -2.19599    4.49195    0.00000 
     170    0.26852    0.96325    0.00000 
     171   -0.22638    2.44586    0.00000 
     172    0.36002    0.25742    0.00000 
     173   -0.00788    1.97391    0.00000 
     174   -0.39260    2.80055    0.00000 
     175   -1.81188    4.40085    0.00000 
     176   -0.54659    3.16926    0.00000 
     177   -2.00848    4.57887    0.00000 
     178    0.21914    1.64531    0.00000 
     179   -1.50130    4.24270    0.00000 
     180   -1.17684    3.95292    0.00000 
     181    0.48986    0.63132    0.00000 
     182    0.55501    0.00000    0.00000 
     183   -0.85756    3.71771    0.00000 
     184    0.43696    1.31082    0.00000 
     185   -1.64277    4.51736    0.00000 
     186   -1.81754    4.65795    0.00000 
     187    0.16821    2.39729    0.00000 
     188    0.01972    2.75810    0.00000 
     189    0.39038    2.00414    0.00000 
     190    0.66686    0.98533    0.00000 
     191    0.74569    0.34641    0.00000 
     192   -0.15146    3.11915    0.00000 
     193   -1.45961    4.55621    0.00000 
     194   -1.62350    4.72909    0.00000 
     195   -1.09846    4.33769    0.00000 
     196   -0.30094    3.48278    0.00000 
     197    0.60854    1.67174    0.00000 
     198   -0.79821    4.07616    0.00000 
     199    0.87244    0.64711    0.00000 
     200    0.93636    0.00000    0.00000 
     201   -0.47149    3.84217    0.00000 
     202   -1.26271    4.64232    0.00000 
     203   -1.42668    4.79214    0.00000 
     204    0.83424    1.34196    0.00000 
     205    0.37740    2.72663    0.00000 
     206    0.56521    2.37623    0.00000 
     207    0.24560    3.08771    0.00000 
     208   -1.10138    4.67854    0.00000 
     209    1.04145    1.00691    0.00000 
     210    0.06897    3.44470    0.00000 
     211    1.12071    0.34641    0.00000 
     212    0.78906    2.02802    0.00000 
     213   -1.22743    4.84700    0.00000 
     214   -0.08132    3.81447    0.00000 
     215   -0.88202    4.66936    0.00000 
     216    1.02059    1.69547    0.00000 
     217    1.26134    0.67575    0.00000 
     218   -1.02608    4.89358    0.00000 
     219    1.30507    0.00000    0.00000 
     220   -0.56325    4.49918    0.00000 
     221   -0.22685    4.14738    0.00000 
     222    0.57713    3.05504    0.00000 
     223    0.77324    2.71084    0.00000 
     224    1.23247    1.35664    0.00000 
     225   -0.68978    4.73431    0.00000 
     226    0.96342    2.36064    0.00000 
     227    0.46777    3.41982    0.00000 
     228   -0.82298    4.93181    0.00000 
     229    1.48312    0.34641    0.00000 
     230    0.31170    3.76156    0.00000 
     231    1.18306    2.03350    0.00000 
     232    1.44479    1.03037    0.00000 
     233   -0.51422    4.77884    0.00000 
     234    0.17045    4.12086    0.00000 
     235   -0.61847    4.96160    0.00000 
     236    1.66116    0.00000    0.00000 
     237    1.65802    0.69282    0.00000 
     238    0.78117    3.37659    0.00000 
     239   -0.29646    4.77510    0.00000 
     240    0.00001    4.47461    0.00000 
     241   -0.41290    4.98292    0.00000 
     242    1.51642    1.90230    0.00000 
     243    1.27641    2.62283    0.00000 
     244    0.70806    3.74906    0.00000 
     245    1.83293    0.34641    0.00000 
     246    0.51015    4.09271    0.00000 
     247   -0.08084    4.80574    0.00000 
     248    1.07192    3.25213    0.00000 
     249    1.80467    1.24362    0.00000 
     250   -0.20663    4.99573    0.00000 
     251    1.55434    2.33558    0.00000 
     252    0.08445    4.81024    0.00000 
     253    2.00470    0.00000    0.00000 
     254    1.82584    1.65085    0.00000 
     255    0.42649    4.48311    0.00000 
     256    1.01046    3.67910    0.00000 
     257    0.00000    5.00000    0.00000 
     258    2.06041    0.93746    0.00000 
     259    0.29646    4.77510    0.00000 
     260    1.45094    3.12498    0.00000 
     261    2.17023    0.34382    0.00000 
     262    1.89047    2.04033    0.00000 
     263    1.66440    2.71888    0.00000 
     264    0.96597    4.03969    0.00000 
     265    0.20662    4.99573    0.00000 
     266    0.49353    4.75877    0.00000 
     267    1.37204    3.51625    0.00000 
     268    2.19831    1.30833    0.00000 
     269    0.83455    4.43949    0.00000 
     270    2.33576    0.00000    0.00000 
     271    1.94028    2.43600    0.00000 
     272    0.41289    4.98292    0.00000 
     273    2.34633    0.68356    0.00000 
     274    0.68977    4.73431    0.00000 
     275    2.18861    1.80665    0.00000 
     276    1.33918    3.90091    0.00000 
     277    0.61846    4.96160    0.00000 
     278    2.49513    0.33101    0.00000 
     279    2.43860    0.99398    0.00000 
     280    0.88483    4.70177    0.00000 
     281    1.74836    3.39117    0.00000 
     282    2.25638    2.19890    0.00000 
     283    2.05119    2.79965    0.00000 
     284    0.82297    4.93181    0.00000 
     285    1.28630    4.36368    0.00000 
     286    1.65674    3.77700    0.00000 
     287    2.65449    0.00000    0.00000 
     288    1.07837    4.66118    0.00000 
     289    2.66545    0.67081    0.00000 
     290    2.28659    2.59288    0.00000 
     291    2.04476    3.19630    0.00000 
     292    2.62121    1.34842    0.00000 
     293    1.02607    4.89359    0.00000 
     294    2.55981    1.95040    0.00000 
     295    1.29377    4.62903    0.00000 
     296    2.80776    0.31836    0.00000 
     297    1.68795    4.17504    0.00000 
     298    1.22742    4.84700    0.00000 
     299    2.83308    1.01065    0.00000 
     300    1.45347    4.58617    0.00000 
     301    2.07848    3.59613    0.00000 
     302    2.59563    2.34096    0.00000 
     303    2.96104    0.00000    0.00000 
     304    2.38539    3.01339    0.00000 
     305    2.97238    0.65825    0.00000 
     306    1.42668    4.79214    0.00000 
     307    1.64664    4.49200    0.00000 
     308    3.10832    0.30591    0.00000 
     309    2.39658    3.35663    0.00000 
     310    2.06692    4.01662    0.00000 
     311    2.92151    1.82634    0.00000 
     312    2.66085    2.73035    0.00000 
     313    1.83087    4.42012    0.00000 
     314    1.62349    4.72909    0.00000 
     315    3.07185    1.32997    0.00000 
     316    2.01197    4.34068    0.00000 
     317    3.25559    0.00000    0.00000 
     318    1.81754    4.65796    0.00000 
     319    3.22489    0.96179    0.00000 
     320    2.95865    2.49619    0.00000 
     321    2.18963    4.25383    0.00000 
     322    2.77223    3.09305    0.00000 
     323    2.00847    4.57887    0.00000 
     324    2.48016    3.81398    0.00000 
     325    3.14886    2.15440    0.00000 
     326    3.42535    0.24427    0.00000 
     327    2.36354    4.15971    0.00000 
     328    2.19598    4.49196    0.00000 
     329    3.03441    2.79337    0.00000 
     330    3.31953    1.79644    0.00000 
     331    3.53837    0.00000    0.00000 
     332    3.55046    0.63377    0.00000 
     333    2.82681    3.50976    0.00000 
     334    2.56081    4.06743    0.00000 
     335    2.37973    4.39737    0.00000 
     336    3.52586    1.45778    0.00000 
     337    2.70165    3.98078    0.00000 
     338    3.67399    0.28169    0.00000 
     339    2.55942    4.29527    0.00000 
     340    3.34797    2.45832    0.00000 
     341    3.66727    1.08663    0.00000 
     342    2.85992    3.83541    0.00000 
     343    3.12871    3.23717    0.00000 
     344    2.73474    4.18583    0.00000 
     345    3.54307    2.11121    0.00000 
     346    3.80961    0.00000    0.00000 
     347    3.03123    3.73849    0.00000 
     348    2.90538    4.06925    0.00000 
     349    3.70531    1.81142    0.00000 
     350    3.41451    2.89194    0.00000 
     351    3.16688    3.58614    0.00000 
     352    3.96591    0.23010    0.00000 
     353    3.07106    3.94570    0.00000 
     354    3.91023    1.40082    0.00000 
     355    3.33394    3.46997    0.00000 
     356    3.99818    1.01248    0.00000 
     357    4.06956    0.00000    0.00000 
     358    3.23149    3.81542    0.00000 
     359    3.45220    3.31237    0.00000 
     360    4.08237    0.61031    0.00000 
     361    3.78601    2.50888    0.00000 
     362    3.38641    3.67862    0.00000 
     363    3.61604    3.17330    0.00000 
     364    3.93531    2.12968    0.00000 
     365    4.19403    0.25853    0.00000 
     366    3.71943    3.04426    0.00000 
     367    3.53553    3.53554    0.00000 
     368    3.83541    2.85992    0.00000 
     369    3.67862    3.38641    0.00000 
     370    4.31849    0.00000    0.00000 
     371    4.17420    1.80026    0.00000 
     372    3.97899    2.69617    0.00000 
     373    3.81542    3.23150    0.00000 
     374    4.30598    1.36524    0.00000 
     375    4.07316    2.56026    0.00000 
     376    4.43759    0.24738    0.00000 
     377    4.39839    0.96678    0.00000 
     378    3.94570    3.07107    0.00000 
     379    4.15971    2.36355    0.00000 
     380    4.47246    0.59302    0.00000 
     381    4.25383    2.18963    0.00000 
     382    4.06924    2.90539    0.00000 
     383    4.55669    0.00000    0.00000 
     384    4.37117    2.00959    0.00000 
     385    4.18583    2.73474    0.00000 
     386    4.43345    1.85641    0.00000 
     387    4.49200    1.64665    0.00000 
     388    4.29527    2.55943    0.00000 
     389    4.55621    1.45961    0.00000 
     390    4.39737    2.37974    0.00000 
     391    4.61264    1.27008    0.00000 
     392    4.70176    0.88483    0.00000 
     393    4.49195    2.19598    0.00000 
     394    4.69067    1.07504    0.00000 
     395    4.75269    0.22674    0.00000 
     396    4.73431    0.68977    0.00000 
     397    4.75877    0.49354    0.00000 
     398    4.78446    0.00000    0.00000 
     399    4.57887    2.00848    0.00000 
     400    4.65795    1.81754    0.00000 
     401    4.72909    1.62350    0.00000 
     402    4.79214    1.42668    0.00000 
     403    4.84700    1.22743    0.00000 
     404    4.89358    1.02608    0.00000 
     405    4.93181    0.82297    0.00000 
     406    4.96160    0.61846    0.00000 
     407    4.98292    0.41290    0.00000 
     408    4.99573    0.20663    0.00000 
     409    5.00000    0.00000    0.00000 
STRUCTURE_ELEMENTS
       1    409   408     398
       2    298   293     288
       3     56    49      52
       4    378   373     366
       5    177   169     168
       6    401   400     387
       7    241   235     233
       8     13     9      11
       9    344   339     334
      10    113   105     107
      11    405   404     392
      12    272   265     259
      13     33    28      29
      14    362   358     351
      15    146   138     137
      16    390   388     379
      17    323   318     313
      18    213   203     202
      19     82    78      79
      20    407   406     397
      21    284   277     274
      22     43    37      39
      23    369   367     359
      24    161   155     154
      25    399   393     384
      26    228   218     215
      27      5     2       4
      28    335   328     321
      29     97    89      93
      30    403   402     391
      31    257   250     247
      32     23    17      21
      33    353   348     342
      34    130   122     123
      35    385   382     372
      36    314   306     300
      37    194   186     185
      38     69    62      65
      39    408   407     395
      40    293   284     280
      41     49    43      45
      42    373   369     363
      43    169   161     160
      44    400   399     386
      45    235   228     225
      46      9     5       7
      47    339   335     327
      48    105    97      98
      49    404   403     394
      50    265   257     252
      51     28    23      24
      52    358   353     347
      53    138   130     133
      54    388   385     375
      55    318   314     307
      56    203   194     193
      57     78    69      71
      58    406   405     396
      59    277   272     266
      60     37    33      34
      61    367   362     355
      62    155   146     148
      63    393   390     381
      64    218   213     208
      65      2     1       3
      66    328   323     316
      67     89    82      84
      68    402   401     389
      69    250   241     239
      70     17    13      16
      71    348   344     337
      72    122   113     115
      73    382   378     368
      74    306   298     295
      75    186   177     175
      76     62    56      59
      77      3     6       4
      78      6    10       8
      79    383   398     395
      80    370   383     376
      81    353   342     347
      82    347   342     333
      83    328   316     321
      84    321   316     310
      85    323   313     316
      86    316   297     310
      87    404   394     392
      88    392   394     377
      89    344   334     337
      90    337   334     324
      91     49    45      52
      92     52    45      46
      93    306   295     300
      94    300   295     285
      95    399   384     386
      96    386   384     371
      97     78    71      79
      98     79    71      74
      99    177   168     175
     100    175   168     162
     101    194   185     193
     102    193   185     179
     103     17    16      21
     104     21    16      19
     105    284   274     280
     106    280   274     269
     107    138   133     137
     108    137   133     126
     109     33    29      34
     110     34    29      32
     111     97    93      98
     112     98    93      92
     113    235   225     233
     114    233   225     220
     115    367   355     359
     116    359   355     343
     117     56    52      59
     118     59    52      58
     119    385   372     375
     120    375   372     361
     121    402   389     391
     122    391   389     374
     123     82    79      84
     124     84    79      74
     125     28    24      29
     126     29    24      32
     127    405   392     396
     128    396   392     380
     129    169   160     168
     130    168   160     162
     131     62    59      65
     132     65    59      58
     133      5     4       7
     134      7     4       8
     135    277   266     274
     136    274   255     269
     137    241   233     239
     138    239   233     220
     139    408   395     398
     140    122   115     123
     141    123   115     111
     142    369   359     363
     143    363   359     350
     144    318   307     313
     145    313   307     297
     146    146   137     148
     147    148   137     144
     148    257   247     252
     149    252   247     240
     150    339   327     334
     151    334   327     324
     152    393   381     384
     153    384   381     371
     154    298   288     295
     155    295   288     285
     156    130   123     133
     157    133   123     126
     158     89    84      93
     159     93    84      92
     160    213   202     208
     161    208   202     195
     162    265   252     259
     163    259   252     240
     164    113   107     115
     165    115   107     111
     166    373   363     366
     167    366   363     350
     168    186   175     185
     169    185   175     179
     170    228   215     225
     171    225   215     220
     172    406   396     397
     173    397   396     380
     174    401   387     389
     175    389   387     374
     176     69    65      71
     177     71    65      74
     178    348   337     342
     179    342   337     324
     180     43    39      45
     181     45    39      46
     182    388   375     379
     183    379   375     361
     184    362   351     355
     185    355   351     343
     186    403   391     394
     187    394   391     377
     188      9     7      11
     189     11     7      12
     190    155   148     154
     191    154   148     144
     192    378   366     368
     193    368   366     350
     194    314   300     307
     195    307   300     285
     196    250   239     247
     197    247   239     240
     198    407   397     395
     199    395   397     376
     200    358   347     351
     201    351   347     333
     202    272   259     266
     203    266   259     255
     204    335   321     327
     205    327   321     310
     206    400   386     387
     207    387   386     371
     208     37    34      39
     209     39    34      32
     210     13    11      16
     211     16    11      19
     212    293   280     288
     213    288   280     269
     214    382   368     372
     215    372   368     361
     216    161   154     160
     217    160   154     144
     218    203   193     202
     219    202   193     195
     220    390   379     381
     221    381   379     364
     222     23    21      24
     223     24    21      19
     224    105    98     107
     225    107    98      92
     226    218   208     215
     227    215   208     195
     228      4     2       3
     229     10    15      14
     230     15    22      18
     231     22    27      25
     232    346   357     352
     233    357   370     365
     234    331   346     338
     235      8    10      14
     236      8    14      12
     237      6     8       4
     238     27    35      31
     239    376   383     395
     240    370   376     365
     241    365   376     380
     242    317   331     326
     243     14    15      18
     244     14    18      20
     245     35    42      38
     246    357   365     352
     247    352   365     360
     248    303   317     308
     249     18    22      25
     250     18    25      20
     251    346   352     338
     252    338   352     360
     253     42    50      47
     254    380   376     397
     255    287   303     296
     256     25    27      31
     257     25    31      30
     258      8    12       7
     259     50    61      57
     260    331   338     326
     261    326   338     332
     262    270   287     278
     263     31    35      38
     264     31    38      30
     265    333   342     324
     266    175   162     179
     267    297   307     285
     268     58    52      46
     269    193   179     195
     270    381   364     371
     271    364   379     361
     272    313   297     316
     273    255   259     240
     274     11    12      19
     275     65    58      74
     276    380   392     377
     277    123   111     126
     278    391   374     377
     279    144   137     126
     280    350   359     343
     281    266   255     274
     282     61    72      68
     283    317   326     308
     284    308   326     332
     285    253   270     261
     286     38    42      47
     287     38    47      44
     288     72    85      80
     289    236   253     245
     290    303   308     296
     291    296   308     305
     292     85    96      91
     293     47    50      57
     294     47    57      54
     295    219   236     229
     296    287   296     278
     297    278   296     289
     298     57    61      68
     299     57    68      63
     300     96   112     106
     301    270   278     261
     302    261   278     273
     303     14    20      12
     304     12    20      19
     305    200   219     211
     306    360   365     380
     307    360   380     377
     308    333   324     309
     309    255   240     234
     310    269   255     246
     311    195   179     180
     312    126   111     119
     313    297   285     276
     314    364   361     345
     315     74    58      67
     316    144   126     132
     317    179   162     165
     318    371   364     349
     319    377   374     356
     320     58    46      55
     321    310   297     286
     322    350   343     329
     323     25    30      20
     324    332   338     360
     325    112   128     121
     326     68    72      80
     327     68    80      76
     328     44    47      54
     329     44    54      53
     330     38    44      30
     331    305   308     332
     332    296   305     289
     333    289   305     299
     334     53    54      66
     335     44    53      40
     336    299   305     319
     337    289   299     279
     338     54    57      63
     339     54    63      66
     340     66    63      76
     341     76    63      68
     342    278   289     273
     343    273   289     279
     344    273   279     258
     345    182   200     191
     346    253   261     245
     347    245   261     258
     348    261   273     258
     349     76    80      88
     350    258   279     268
     351     80    85      91
     352     80    91      88
     353     88    91     103
     354    236   245     229
     355    229   245     237
     356    237   245     258
     357    229   237     217
     358     91    96     106
     359     91   106     103
     360    103   106     121
     361    121   106     112
     362     88   103     101
     363    128   147     139
     364    219   229     211
     365    211   229     217
     366    211   217     199
     367    199   217     209
     368    211   199     191
     369    191   199     181
     370    211   191     200
     371    181   199     190
     372    191   181     172
     373    309   324     301
     374    119   111     102
     375    132   126     119
     376    132   119     120
     377    120   119     104
     378    132   120     136
     379     55    46      41
     380    246   255     234
     381    246   234     230
     382    230   234     214
     383    246   230     244
     384    345   361     340
     385    349   364     345
     386    349   345     330
     387    330   345     325
     388    349   330     336
     389    329   343     322
     390    234   240     221
     391    276   285     264
     392    165   162     151
     393    286   297     276
     394    286   276     267
     395    267   276     256
     396    286   267     281
     397    180   179     165
     398    180   165     164
     399    164   165     150
     400    180   164     183
     401     67    58      55
     402     67    55      60
     403     60    55      48
     404     67    60      75
     405    356   374     354
     406    333   309     322
     407    144   132     151
     408    269   246     264
     409    371   349     354
     410    350   329     340
     411    310   286     301
     412    195   180     198
     413     74    67      81
     414    377   356     360
     415    163   182     172
     416    172   182     191
     417    163   172     157
     418    157   172     181
     419    163   157     147
     420    121   128     139
     421    121   139     134
     422     53    66      64
     423     40    53      51
     424     44    40      30
     425    319   305     332
     426    299   319     315
     427    279   299     292
     428    268   279     292
     429    258   268     249
     430    134   139     149
     431    121   134     103
     432    190   199     209
     433    190   209     204
     434    204   209     224
     435    190   204     184
     436    181   190     170
     437     76    88      86
     438    104   119     102
     439    104   102      87
     440     87   102      81
     441    104    87      94
     442    325   345     340
     443    325   340     320
     444    320   340     329
     445    320   329     312
     446    312   329     322
     447    320   312     302
     448    312   322     304
     449    325   320     302
     450    302   312     290
     451    304   322     309
     452    304   309     291
     453    291   309     301
     454    304   291     283
     455    312   304     290
     456    150   165     151
     457    150   151     136
     458    150   136     140
     459    136   151     132
     460    140   136     125
     461    150   153     164
     462    214   234     221
     463    214   221     201
     464    201   221     198
     465    214   201     196
     466    256   276     264
     467    256   264     244
     468    256   244     238
     469    244   264     246
     470    238   244     227
     471    256   248     267
     472     48    55      41
     473     48    41      36
     474     36    41      32
     475     48    36      51
     476    336   330     315
     477    183   164     167
     478    281   267     260
     479     75    60      70
     480    120   104     109
     481    330   325     311
     482    230   214     210
     483     60    48      51
     484    349   336     354
     485    354   336     341
     486    180   183     198
     487    198   183     201
     488    286   281     301
     489    301   281     291
     490    291   281     260
     491     67    75      81
     492     81    75      87
     493    283   291     260
     494    304   283     290
     495    290   283     271
     496    271   283     263
     497    290   271     282
     498    263   283     260
     499    271   263     251
     500    282   271     262
     501    290   282     302
     502    302   282     294
     503    294   282     275
     504    302   294     325
     505    217   237     232
     506    101   103     118
     507     88   101      86
     508    139   147     157
     509    341   336     319
     510    354   341     356
     511    356   341     332
     512    209   217     232
     513     94    87      75
     514    104    94     109
     515    109    94      99
     516     99    94      83
     517    109    99     116
     518    196   201     183
     519    214   196     210
     520    210   196     192
     521    192   196     176
     522    210   192     207
     523    275   282     262
     524    275   262     254
     525    254   262     242
     526    275   254     268
     527    294   275     292
     528    301   324     310
     529    322   343     333
     530    354   374     371
     531     41    46      32
     532    264   285     269
     533    102   111      92
     534    221   240     220
     535    210   207     227
     536    340   361     350
     537    151   162     144
     538     83    94      75
     539    116    99     108
     540    207   192     188
     541     74    81      92
     542    176   196     183
     543    195   198     220
     544    109   116     125
     545     99    83      90
     546    192   176     174
     547    224   209     232
     548    224   232     249
     549    204   224     216
     550    184   204     197
     551    190   184     170
     552    170   184     166
     553    166   184     178
     554    170   166     149
     555     64    66      77
     556     53    64      51
     557     40    51      36
     558    315   319     336
     559    292   299     315
     560    262   271     251
     561    242   262     251
     562    251   263     243
     563    254   242     224
     564    249   268     254
     565    149   139     157
     566    258   249     237
     567    134   149     142
     568    181   170     157
     569     76    86      66
     570    167   164     153
     571     70    60      51
     572    311   325     294
     573    311   294     292
     574    260   267     248
     575    178   184     197
     576    178   197     189
     577    189   197     212
     578    178   189     173
     579    166   178     159
     580    183   167     176
     581    176   167     158
     582    158   167     153
     583    176   158     174
     584     75    70      83
     585     83    70      73
     586     83    73      90
     587    330   311     315
     588    120   109     125
     589    120   125     136
     590    140   125     131
     591    131   125     116
     592    131   116     124
     593    140   131     153
     594    140   153     150
     595    124   116     108
     596    124   108     117
     597    131   124     141
     598    117   108     100
     599    124   117     135
     600    141   124     135
     601    141   135     152
     602    131   141     153
     603    100   108      90
     604    100    90      77
     605    117   100     110
     606    135   117     127
     607    152   135     145
     608    141   152     158
     609    230   210     227
     610    230   227     244
     611    238   227     222
     612    222   227     207
     613    222   207     205
     614    238   222     248
     615    238   248     256
     616    205   207     188
     617    205   188     187
     618    222   205     223
     619    187   188     171
     620    205   187     206
     621    223   205     206
     622    223   206     226
     623    222   223     248
     624    171   188     174
     625    171   174     152
     626    187   171     173
     627    206   187     189
     628    226   206     212
     629    226   212     231
     630    231   212     216
     631    231   216     242
     632    231   242     251
     633    226   231     251
     634    223   226     243
     635    232   237     249
     636    118   103     134
     637    101   118     114
     638    212   197     216
     639    173   189     187
     640    110   100      95
     641    127   117     110
     642    189   212     206
     643    178   173     159
     644    159   173     156
     645    156   173     171
     646    159   156     143
     647    143   156     145
     648    145   156     171
     649    159   143     142
     650    135   127     145
     651     77    66      86
     652    188   192     174
     653    216   224     242
     654    108    99      90
     655    243   263     260
     656    197   204     216
     657     64    77      73
     658     64    73      70
     659     64    70      51
     660    251   243     226
     661    152   145     171
     662    142   149     166
     663    101   114      95
     664    114   118     129
     665    110    95     114
     666    110   114     127
     667    134   142     129
     668    166   159     142
     669     95   100      77
     670    260   248     243
     671    129   118     134
     672    114   129     127
     673    149   157     170
     674    145   127     143
     675    360   356     332
     676    249   254     224
     677     19    20      26
     678     26    20      30
     679     19    26      32
     680     86   101      95
     681     86    95      77
     682    111   107      92
     683     39    32      46
     684    343   351     333
     685    215   195     220
     686    160   144     162
     687    285   288     269
     688    240   239     220
     689     84    74      92
     690    324   327     310
     691    368   350     361
     692     24    19      32
     693    374   387     371
     694    268   292     275
     695    102    92      81
     696    221   220     198
     697    129   142     143
     698    129   143     127
     699     30    40      36
     700    292   315     311
     701    341   319     332
     702     73    77      90
     703    141   158     153
     704    174   158     152
     705    223   243     248
     706     32    26      36
     707     36    26      30
STRUCTURE_DIRICHLET_NODES
       1 NaN  0.0  NaN  
       3 NaN  0.0  NaN  
       6 NaN  0.0  NaN  
      10 NaN  0.0  NaN  
      15 NaN  0.0  NaN  
      22 NaN  0.0  NaN  
      27 NaN  0.0  NaN  
      35 NaN  0.0  NaN  
      42 NaN  0.0  NaN  
      50 NaN  0.0  NaN  
      61 NaN  0.0  NaN  
      72 NaN  0.0  NaN  
      85 NaN  0.0  NaN  
      96 NaN  0.0  NaN  
     112 NaN  0.0  NaN  
     128 NaN  0.0  NaN  
     147 NaN  0.0  NaN  
     163 NaN  0.0  NaN  
     182 NaN  0.0  NaN  
     200 NaN  0.0  NaN  
     219 NaN  0.0  NaN  
     236 NaN  0.0  NaN  
     253 NaN  0.0  NaN  
     270 NaN  0.0  NaN  
     287 NaN  0.0  NaN  
     303 NaN  0.0  NaN  
     317 NaN  0.0  NaN  
     331 NaN  0.0  NaN  
     346 NaN  0.0  NaN  
     357 NaN  0.0  NaN  
     370 NaN  0.0  NaN  
     383 NaN  0.0  NaN  
     398 NaN  0.0  NaN  
     409 NaN  0.0  NaN  
STRUCTURE_FORCE_NODES
       1 boundaryLoad computeConstantHorizontalLoad
       2 boundaryLoad computeConstantHorizontalLoad
       5 boundaryLoad computeConstantHorizontalLoad
       9 boundaryLoad computeConstantHorizontalLoad
      13 boundaryLoad computeConstantHorizontalLoad
      17 boundaryLoad computeConstantHorizontalLoad
      23 boundaryLoad computeConstantHorizontalLoad
      28 boundaryLoad computeConstantHorizontalLoad
      33 boundaryLoad computeConstantHorizontalLoad
      37 boundaryLoad computeConstantHorizontalLoad
      43 boundaryLoad computeConstantHorizontalLoad
      49 boundaryLoad computeConstantHorizontalLoad
      56 boundaryLoad computeConstantHorizontalLoad
      62 boundaryLoad computeConstantHorizontalLoad
      69 boundaryLoad computeConstantHorizontalLoad
      78 boundaryLoad computeConstantHorizontalLoad
      82 boundaryLoad computeConstantHorizontalLoad
      89 boundaryLoad computeConstantHorizontalLoad
      97 boundaryLoad computeConstantHorizontalLoad
     105 boundaryLoad computeConstantHorizontalLoad
     113 boundaryLoad computeConstantHorizontalLoad
     122 boundaryLoad computeConstantHorizontalLoad
     130 boundaryLoad computeConstantHorizontalLoad
     138 boundaryLoad computeConstantHorizontalLoad
     146 boundaryLoad computeConstantHorizontalLoad
     155 boundaryLoad computeConstantHorizontalLoad
     161 boundaryLoad computeConstantHorizontalLoad
     169 boundaryLoad computeConstantHorizontalLoad
     177 boundaryLoad computeConstantHorizontalLoad
     186 boundaryLoad computeConstantHorizontalLoad
     194 boundaryLoad computeConstantHorizontalLoad
     203 boundaryLoad computeConstantHorizontalLoad
     213 boundaryLoad computeConstantHorizontalLoad
     218 boundaryLoad computeConstantHorizontalLoad
     228 boundaryLoad computeConstantHorizontalLoad
     235 boundaryLoad computeConstantHorizontalLoad
     241 boundaryLoad computeConstantHorizontalLoad
     250 boundaryLoad computeConstantHorizontalLoad
     257 boundaryLoad computeConstantHorizontalLoad
STRUCTURE_CONTACT_NODES
     257 
     265 
     272 
     277 
     284 
     293 
     298 
     306 
     314 
     318 
     323 
     328 
     335 
     339 
     344 
     348 
     353 
     358 
     362 
     367 
     369 
     373 
     378 
     382 
     385 
     388 
     390 
     393 
     399 
     400 
     401 
     402 
     403 
     404 
     405 
     406 
     407 
     408 
     409 
%%%%%%%%%%%%%%%%%%%%%%%%%%%%%%%%%%%%%%%%%%%%%%%%%%%%%%%%%%%%%%%%%%%%%%%%%%%
%                                                                         %
%   Fluid Boundary Value Problem                                          %
%                                                                         %
%%%%%%%%%%%%%%%%%%%%%%%%%%%%%%%%%%%%%%%%%%%%%%%%%%%%%%%%%%%%%%%%%%%%%%%%%%%

FLUID_ANALYSIS
 ANALYSIS_TYPE,NAVIER_STOKES_2D

FLUID_MATERIAL_PROPERTIES

FLUID_NLINEAR_SCHEME
 NLINEAR_SCHEME,newtonRapshon
 NO_LOAD_STEPS,1
 TOLERANCE,1e-5
 MAX_ITERATIONS,10

FLUID_TRANSIENT_ANALYSIS
 SOLVER STEADY_STATE
 TIME_INTEGRATION BOSSAK
 ALPHA_BETA -0.1
 GAMMA 0.6
 START_TIME 0
 END_TIME 10
 NUMBER_OF_TIME_STEPS 1e3
 ADAPTIVE_TIME_STEPPING false
 
FLUID_INTEGRATION
 DOMAIN default
 domainNoGP 1
 boundaryNoGP 1
        
FLUID_ELEMENTS


FLUID_DIRICHLET_NODES

FLUID_DIRICHLET_ALE_NODES
FLUID_POST_PROC_NODES

FLUID_NODES

