%%%%%%%%%%%%%%%%%%%%%%%%%%%%%%%%%%%%%%%%%%%%%%%%%%%%%%%%%%%%%%%%%%%%%%%%%%%
%                                                                         %
%   License:        BSD License                                           %
%                   cane Multiphysics default license: cane/license.txt   %
%                                                                         %
%   Main authors:   Andreas Apostolatos                                   %
%                   Marko Leskovar                                        %
%                                                                         %
%%%%%%%%%%%%%%%%%%%%%%%%%%%%%%%%%%%%%%%%%%%%%%%%%%%%%%%%%%%%%%%%%%%%%%%%%%%

%%%%%%%%%%%%%%%%%%%%%%%%%%%%%%%%%%%%%%%%%%%%%%%%%%%%%%%%%%%%%%%%%%%%%%%%%%%
%                                                                         %
%   Matlab Input File                                                     %
%   _________________                                                     %
%                                                                         %
%   cane Multiphysics                                                     %
%                                                                         %
%%%%%%%%%%%%%%%%%%%%%%%%%%%%%%%%%%%%%%%%%%%%%%%%%%%%%%%%%%%%%%%%%%%%%%%%%%%

%%%%%%%%%%%%%%%%%%%%%%%%%%%%%%%%%%%%%%%%%%%%%%%%%%%%%%%%%%%%%%%%%%%%%%%%%%%
%                                                                         %
%   Structural Boundary Value Problem                                     %
%                                                                         %
%%%%%%%%%%%%%%%%%%%%%%%%%%%%%%%%%%%%%%%%%%%%%%%%%%%%%%%%%%%%%%%%%%%%%%%%%%%

STRUCTURE_ANALYSIS
 ANALYSIS_TYPE,planeStress

STRUCTURE_MATERIAL_PROPERTIES
 DENSITY,1.0
 YOUNGS_MODULUS,1e5
 POISSON_RATIO,0.3
 THICKNESS,1.0

STRUCTURE_NLINEAR_SCHEME
 NLINEAR_SCHEME,NEWTON_RAPHSON
 NO_LOAD_STEPS,1
 TOLERANCE,1e-9
 MAX_ITERATIONS,100

STRUCTURE_TRANSIENT_ANALYSIS
 SOLVER STEADY_STATE
 TIME_INTEGRATION EXPLICIT_EULER
 ALPHA_BETA -0.1
 GAMMA 0.6
 START_TIME 0
 END_TIME 10
 NUMBER_OF_TIME_STEPS 100
 ADAPTIVE_TIME_STEPPING true
 
STRUCTURE_INTEGRATION
 DOMAIN default
 domainNoGP 1
 boundaryNoGP 1

STRUCTURE_NODES
       1    1.00000    3.00000    0.00000 
       2    0.90000    3.00000    0.00000 
       3    0.97419    2.90323    0.00000 
       4    0.84362    2.87995    0.00000 
       5    0.80000    3.00000    0.00000 
       6    0.94839    2.80645    0.00000 
       7    0.74513    2.91867    0.00000 
       8    0.70000    3.00000    0.00000 
       9    0.92258    2.70968    0.00000 
      10    0.81865    2.75000    0.00000 
      11    0.73205    2.80000    0.00000 
      12    0.65000    2.91340    0.00000 
      13    0.81865    2.65000    0.00000 
      14    0.60000    3.00000    0.00000 
      15    0.89677    2.61290    0.00000 
      16    0.73205    2.70000    0.00000 
      17    0.64545    2.75000    0.00000 
      18    0.60000    2.82679    0.00000 
      19    0.55000    2.91340    0.00000 
      20    0.74357    2.59243    0.00000 
      21    0.64545    2.65000    0.00000 
      22    0.50000    3.00000    0.00000 
      23    0.87097    2.51613    0.00000 
      24    0.55711    2.72105    0.00000 
      25    0.50000    2.82679    0.00000 
      26    0.45000    2.91340    0.00000 
      27    0.74885    2.48844    0.00000 
      28    0.64545    2.55000    0.00000 
      29    0.55885    2.60000    0.00000 
      30    0.40000    3.00000    0.00000 
      31    0.84516    2.41935    0.00000 
      32    0.50000    2.65359    0.00000 
      33    0.45000    2.74019    0.00000 
      34    0.40000    2.82679    0.00000 
      35    0.75402    2.39513    0.00000 
      36    0.64545    2.45000    0.00000 
      37    0.35000    2.91340    0.00000 
      38    0.55885    2.50000    0.00000 
      39    0.47224    2.55000    0.00000 
      40    0.30000    3.00000    0.00000 
      41    0.81935    2.32258    0.00000 
      42    0.31249    2.83876    0.00000 
      43    0.39371    2.62628    0.00000 
      44    0.32573    2.74029    0.00000 
      45    0.73361    2.30956    0.00000 
      46    0.64545    2.35000    0.00000 
      47    0.55885    2.40000    0.00000 
      48    0.25243    2.90576    0.00000 
      49    0.47224    2.45000    0.00000 
      50    0.29904    2.65000    0.00000 
      51    0.38564    2.50000    0.00000 
      52    0.20000    3.00000    0.00000 
      53    0.79355    2.22581    0.00000 
      54    0.21244    2.80000    0.00000 
      55    0.65570    2.25430    0.00000 
      56    0.55885    2.30000    0.00000 
      57    0.29904    2.55000    0.00000 
      58    0.47224    2.35000    0.00000 
      59    0.21244    2.70000    0.00000 
      60    0.38564    2.40000    0.00000 
      61    0.13948    2.88119    0.00000 
      62    0.21244    2.60000    0.00000 
      63    0.29904    2.45000    0.00000 
      64    0.10000    3.00000    0.00000 
      65    0.76774    2.12903    0.00000 
      66    0.66658    2.16116    0.00000 
      67    0.12583    2.75000    0.00000 
      68    0.55885    2.20000    0.00000 
      69    0.47224    2.25000    0.00000 
      70    0.38564    2.30000    0.00000 
      71    0.21244    2.50000    0.00000 
      72    0.12583    2.65000    0.00000 
      73    0.29904    2.35000    0.00000 
      74    0.04646    2.91258    0.00000 
      75    0.03923    2.80000    0.00000 
      76    0.12583    2.55000    0.00000 
      77    0.21244    2.40000    0.00000 
      78   -0.00000    3.00000    0.00000 
      79    0.66482    2.05780    0.00000 
      80    0.47224    2.15000    0.00000 
      81    0.74194    2.03226    0.00000 
      82    0.55885    2.10000    0.00000 
      83    0.03923    2.70000    0.00000 
      84    0.38564    2.20000    0.00000 
      85    0.29904    2.25000    0.00000 
      86    0.12583    2.45000    0.00000 
      87    0.03923    2.60000    0.00000 
      88   -0.04658    2.88049    0.00000 
      89    0.21244    2.30000    0.00000 
      90   -0.04737    2.75000    0.00000 
      91    0.03923    2.50000    0.00000 
      92    0.47224    2.05000    0.00000 
      93    0.12583    2.35000    0.00000 
      94    0.38564    2.10000    0.00000 
      95    0.55885    2.00000    0.00000 
      96   -0.10000    3.00000    0.00000 
      97    0.71613    1.93548    0.00000 
      98    0.29904    2.15000    0.00000 
      99   -0.04737    2.65000    0.00000 
     100    0.21244    2.20000    0.00000 
     101    0.03923    2.40000    0.00000 
     102   -0.13397    2.90000    0.00000 
     103   -0.04737    2.55000    0.00000 
     104   -0.13397    2.80000    0.00000 
     105    0.12583    2.25000    0.00000 
     106   -0.13397    2.70000    0.00000 
     107    0.38564    2.00000    0.00000 
     108    0.47224    1.95000    0.00000 
     109    0.29904    2.05000    0.00000 
     110    0.57810    1.89570    0.00000 
     111   -0.04737    2.45000    0.00000 
     112    0.03923    2.30000    0.00000 
     113    0.21244    2.10000    0.00000 
     114   -0.20000    3.00000    0.00000 
     115    0.69032    1.83871    0.00000 
     116   -0.13397    2.60000    0.00000 
     117    0.12583    2.15000    0.00000 
     118   -0.21715    2.85833    0.00000 
     119   -0.04737    2.35000    0.00000 
     120   -0.13397    2.50000    0.00000 
     121   -0.22058    2.75000    0.00000 
     122    0.03923    2.20000    0.00000 
     123    0.38564    1.90000    0.00000 
     124    0.29904    1.95000    0.00000 
     125    0.47224    1.85000    0.00000 
     126   -0.22058    2.65000    0.00000 
     127    0.21244    2.00000    0.00000 
     128    0.55885    1.80000    0.00000 
     129   -0.13397    2.40000    0.00000 
     130   -0.04737    2.25000    0.00000 
     131    0.12583    2.05000    0.00000 
     132   -0.30000    3.00000    0.00000 
     133   -0.22058    2.55000    0.00000 
     134    0.66452    1.74194    0.00000 
     135   -0.30718    2.90000    0.00000 
     136    0.03923    2.10000    0.00000 
     137   -0.30718    2.80000    0.00000 
     138   -0.13397    2.30000    0.00000 
     139   -0.22058    2.45000    0.00000 
     140   -0.30718    2.70000    0.00000 
     141    0.29904    1.85000    0.00000 
     142    0.38564    1.80000    0.00000 
     143   -0.04737    2.15000    0.00000 
     144    0.21244    1.90000    0.00000 
     145    0.47224    1.75000    0.00000 
     146    0.12583    1.95000    0.00000 
     147   -0.30718    2.60000    0.00000 
     148    0.55885    1.70000    0.00000 
     149   -0.22058    2.35000    0.00000 
     150    0.03923    2.00000    0.00000 
     151   -0.13397    2.20000    0.00000 
     152   -0.30718    2.50000    0.00000 
     153   -0.40000    3.00000    0.00000 
     154   -0.39378    2.85000    0.00000 
     155    0.63871    1.64516    0.00000 
     156   -0.04737    2.05000    0.00000 
     157   -0.39378    2.75000    0.00000 
     158   -0.22058    2.25000    0.00000 
     159    0.29904    1.75000    0.00000 
     160    0.21244    1.80000    0.00000 
     161   -0.39378    2.65000    0.00000 
     162    0.38564    1.70000    0.00000 
     163   -0.30718    2.40000    0.00000 
     164    0.12583    1.85000    0.00000 
     165   -0.13397    2.10000    0.00000 
     166    0.47224    1.65000    0.00000 
     167    0.55099    1.61871    0.00000 
     168    0.03923    1.90000    0.00000 
     169   -0.39378    2.55000    0.00000 
     170   -0.30718    2.30000    0.00000 
     171   -0.04737    1.95000    0.00000 
     172   -0.48038    2.90000    0.00000 
     173   -0.22058    2.15000    0.00000 
     174   -0.48038    2.80000    0.00000 
     175   -0.39378    2.45000    0.00000 
     176   -0.50000    3.00000    0.00000 
     177    0.61290    1.54839    0.00000 
     178   -0.48038    2.70000    0.00000 
     179   -0.13397    2.00000    0.00000 
     180    0.21244    1.70000    0.00000 
     181    0.29904    1.65000    0.00000 
     182    0.12583    1.75000    0.00000 
     183    0.38564    1.60000    0.00000 
     184   -0.30718    2.20000    0.00000 
     185   -0.48038    2.60000    0.00000 
     186    0.03923    1.80000    0.00000 
     187   -0.39378    2.35000    0.00000 
     188    0.49525    1.54553    0.00000 
     189   -0.22058    2.05000    0.00000 
     190   -0.04737    1.85000    0.00000 
     191   -0.48038    2.50000    0.00000 
     192   -0.57249    2.85833    0.00000 
     193   -0.13397    1.90000    0.00000 
     194   -0.39378    2.25000    0.00000 
     195   -0.56699    2.75000    0.00000 
     196   -0.30718    2.10000    0.00000 
     197   -0.48038    2.40000    0.00000 
     198   -0.60000    3.00000    0.00000 
     199    0.58710    1.45161    0.00000 
     200   -0.56699    2.65000    0.00000 
     201    0.21244    1.60000    0.00000 
     202    0.12583    1.65000    0.00000 
     203   -0.22058    1.95000    0.00000 
     204    0.29904    1.55000    0.00000 
     205    0.03923    1.70000    0.00000 
     206    0.38564    1.50000    0.00000 
     207   -0.56699    2.55000    0.00000 
     208   -0.04737    1.75000    0.00000 
     209   -0.39378    2.15000    0.00000 
     210    0.47224    1.45000    0.00000 
     211   -0.48038    2.30000    0.00000 
     212   -0.30718    2.00000    0.00000 
     213   -0.13397    1.80000    0.00000 
     214   -0.65191    2.90333    0.00000 
     215   -0.56699    2.45000    0.00000 
     216   -0.65359    2.80000    0.00000 
     217   -0.22058    1.85000    0.00000 
     218   -0.65359    2.70000    0.00000 
     219   -0.48038    2.20000    0.00000 
     220   -0.39378    2.05000    0.00000 
     221    0.12583    1.55000    0.00000 
     222    0.21244    1.50000    0.00000 
     223   -0.56699    2.35000    0.00000 
     224    0.03923    1.60000    0.00000 
     225   -0.70000    3.00000    0.00000 
     226    0.29904    1.45000    0.00000 
     227   -0.65359    2.60000    0.00000 
     228    0.56129    1.35484    0.00000 
     229   -0.30718    1.90000    0.00000 
     230   -0.04737    1.65000    0.00000 
     231    0.38564    1.40000    0.00000 
     232   -0.13397    1.70000    0.00000 
     233   -0.65359    2.50000    0.00000 
     234    0.47224    1.35000    0.00000 
     235   -0.48038    2.10000    0.00000 
     236   -0.56699    2.25000    0.00000 
     237   -0.73349    2.85833    0.00000 
     238   -0.39378    1.95000    0.00000 
     239   -0.22058    1.75000    0.00000 
     240   -0.74019    2.75000    0.00000 
     241   -0.65359    2.40000    0.00000 
     242   -0.30718    1.80000    0.00000 
     243   -0.74019    2.65000    0.00000 
     244    0.12583    1.45000    0.00000 
     245    0.03923    1.50000    0.00000 
     246   -0.56699    2.15000    0.00000 
     247    0.21244    1.40000    0.00000 
     248   -0.48038    2.00000    0.00000 
     249   -0.04737    1.55000    0.00000 
     250    0.29904    1.35000    0.00000 
     251   -0.65359    2.30000    0.00000 
     252   -0.74019    2.55000    0.00000 
     253   -0.80000    3.00000    0.00000 
     254   -0.13397    1.60000    0.00000 
     255    0.53548    1.25806    0.00000 
     256   -0.39378    1.85000    0.00000 
     257    0.38564    1.30000    0.00000 
     258   -0.22058    1.65000    0.00000 
     259   -0.74019    2.45000    0.00000 
     260   -0.82679    2.90000    0.00000 
     261   -0.56699    2.05000    0.00000 
     262   -0.65359    2.20000    0.00000 
     263   -0.82679    2.80000    0.00000 
     264   -0.30718    1.70000    0.00000 
     265   -0.48038    1.90000    0.00000 
     266   -0.82679    2.70000    0.00000 
     267   -0.74019    2.35000    0.00000 
     268    0.03923    1.40000    0.00000 
     269    0.12583    1.35000    0.00000 
     270   -0.82679    2.60000    0.00000 
     271   -0.04737    1.45000    0.00000 
     272   -0.39378    1.75000    0.00000 
     273    0.21244    1.30000    0.00000 
     274   -0.13397    1.50000    0.00000 
     275   -0.65359    2.10000    0.00000 
     276    0.29904    1.25000    0.00000 
     277   -0.56699    1.95000    0.00000 
     278   -0.82679    2.50000    0.00000 
     279   -0.74019    2.25000    0.00000 
     280   -0.22058    1.55000    0.00000 
     281   -0.90000    3.00000    0.00000 
     282    0.50968    1.16129    0.00000 
     283   -0.48038    1.80000    0.00000 
     284   -0.30718    1.60000    0.00000 
     285    0.41359    1.17640    0.00000 
     286   -0.91116    2.85833    0.00000 
     287   -0.82679    2.40000    0.00000 
     288   -0.91340    2.75000    0.00000 
     289   -0.65359    2.00000    0.00000 
     290   -0.74019    2.15000    0.00000 
     291   -0.39378    1.65000    0.00000 
     292   -0.56699    1.85000    0.00000 
     293   -0.91340    2.65000    0.00000 
     294    0.03923    1.30000    0.00000 
     295   -0.04737    1.35000    0.00000 
     296    0.12583    1.25000    0.00000 
     297   -0.82679    2.30000    0.00000 
     298   -0.13397    1.40000    0.00000 
     299    0.21244    1.20000    0.00000 
     300   -0.91340    2.55000    0.00000 
     301   -0.48038    1.70000    0.00000 
     302   -0.22058    1.45000    0.00000 
     303    0.29904    1.15000    0.00000 
     304   -0.74019    2.05000    0.00000 
     305   -0.65359    1.90000    0.00000 
     306   -0.30718    1.50000    0.00000 
     307   -0.91340    2.45000    0.00000 
     308   -0.82679    2.20000    0.00000 
     309   -1.00000    3.00000    0.00000 
     310   -1.00000    2.90000    0.00000 
     311    0.48387    1.06452    0.00000 
     312   -0.56699    1.75000    0.00000 
     313   -1.00000    2.80000    0.00000 
     314   -0.39378    1.55000    0.00000 
     315   -0.91340    2.35000    0.00000 
     316   -1.00000    2.70000    0.00000 
     317   -0.74019    1.95000    0.00000 
     318   -0.82679    2.10000    0.00000 
     319   -0.48038    1.60000    0.00000 
     320   -0.04737    1.25000    0.00000 
     321   -1.00000    2.60000    0.00000 
     322    0.03923    1.20000    0.00000 
     323   -0.65359    1.80000    0.00000 
     324   -0.13397    1.30000    0.00000 
     325    0.38241    1.05094    0.00000 
     326    0.12583    1.15000    0.00000 
     327   -0.22058    1.35000    0.00000 
     328   -0.91340    2.25000    0.00000 
     329    0.21244    1.10000    0.00000 
     330   -1.00000    2.50000    0.00000 
     331   -0.30718    1.40000    0.00000 
     332   -0.56699    1.65000    0.00000 
     333   -0.82679    2.00000    0.00000 
     334   -0.39378    1.45000    0.00000 
     335   -0.74019    1.85000    0.00000 
     336   -1.00000    2.40000    0.00000 
     337   -0.91340    2.15000    0.00000 
     338    0.45806    0.96774    0.00000 
     339   -0.65359    1.70000    0.00000 
     340   -0.48038    1.50000    0.00000 
     341    0.28357    1.00849    0.00000 
     342   -1.00000    2.30000    0.00000 
     343    0.12300    1.06679    0.00000 
     344   -0.04737    1.15000    0.00000 
     345   -0.13397    1.20000    0.00000 
     346    0.03923    1.10000    0.00000 
     347   -0.82679    1.90000    0.00000 
     348   -0.22058    1.25000    0.00000 
     349   -0.56699    1.55000    0.00000 
     350   -0.91340    2.05000    0.00000 
     351   -0.74019    1.75000    0.00000 
     352   -0.30718    1.30000    0.00000 
     353   -1.00000    2.20000    0.00000 
     354    0.35678    0.94036    0.00000 
     355   -0.39378    1.35000    0.00000 
     356   -0.65359    1.60000    0.00000 
     357    0.18794    0.97911    0.00000 
     358   -0.48038    1.40000    0.00000 
     359   -0.91340    1.95000    0.00000 
     360   -0.82679    1.80000    0.00000 
     361   -1.00000    2.10000    0.00000 
     362   -0.74019    1.65000    0.00000 
     363    0.43226    0.87097    0.00000 
     364   -0.56699    1.45000    0.00000 
     365    0.04958    1.00485    0.00000 
     366   -0.13397    1.10000    0.00000 
     367   -0.04737    1.05000    0.00000 
     368    0.26118    0.91103    0.00000 
     369   -0.22058    1.15000    0.00000 
     370   -0.30718    1.20000    0.00000 
     371   -0.91340    1.85000    0.00000 
     372   -0.65359    1.50000    0.00000 
     373   -1.00000    2.00000    0.00000 
     374   -0.39378    1.25000    0.00000 
     375   -0.82679    1.70000    0.00000 
     376   -0.48038    1.30000    0.00000 
     377    0.33436    0.84292    0.00000 
     378   -0.74019    1.55000    0.00000 
     379   -0.56699    1.35000    0.00000 
     380   -1.00000    1.90000    0.00000 
     381   -0.91340    1.75000    0.00000 
     382   -0.13397    1.00000    0.00000 
     383   -0.22058    1.05000    0.00000 
     384   -0.65359    1.40000    0.00000 
     385   -0.82679    1.60000    0.00000 
     386   -0.04737    0.95000    0.00000 
     387    0.40645    0.77419    0.00000 
     388    0.14871    0.85895    0.00000 
     389   -0.30718    1.10000    0.00000 
     390    0.03923    0.90000    0.00000 
     391    0.23887    0.81358    0.00000 
     392   -0.39378    1.15000    0.00000 
     393   -0.74019    1.45000    0.00000 
     394   -0.48038    1.20000    0.00000 
     395   -1.00000    1.80000    0.00000 
     396   -0.91340    1.65000    0.00000 
     397   -0.56699    1.25000    0.00000 
     398    0.31226    0.74580    0.00000 
     399   -0.82679    1.50000    0.00000 
     400   -0.65359    1.30000    0.00000 
     401   -1.00000    1.70000    0.00000 
     402   -0.22058    0.95000    0.00000 
     403   -0.13397    0.90000    0.00000 
     404   -0.30718    1.00000    0.00000 
     405   -0.04737    0.85000    0.00000 
     406   -0.39378    1.05000    0.00000 
     407   -0.74019    1.35000    0.00000 
     408    0.03923    0.80000    0.00000 
     409   -0.91340    1.55000    0.00000 
     410    0.38065    0.67742    0.00000 
     411   -0.48038    1.10000    0.00000 
     412    0.12583    0.75000    0.00000 
     413   -0.56699    1.15000    0.00000 
     414   -0.82679    1.40000    0.00000 
     415    0.21244    0.70000    0.00000 
     416   -1.00000    1.60000    0.00000 
     417    0.29638    0.66179    0.00000 
     418   -0.65359    1.20000    0.00000 
     419   -0.91340    1.45000    0.00000 
     420   -0.74019    1.25000    0.00000 
     421   -0.22058    0.85000    0.00000 
     422   -0.30718    0.90000    0.00000 
     423   -0.13397    0.80000    0.00000 
     424   -0.39378    0.95000    0.00000 
     425   -0.04737    0.75000    0.00000 
     426   -0.48038    1.00000    0.00000 
     427    0.03923    0.70000    0.00000 
     428   -0.82679    1.30000    0.00000 
     429   -1.00000    1.50000    0.00000 
     430   -0.56699    1.05000    0.00000 
     431    0.35484    0.58065    0.00000 
     432    0.12583    0.65000    0.00000 
     433    0.22174    0.60511    0.00000 
     434   -0.65359    1.10000    0.00000 
     435   -0.91340    1.35000    0.00000 
     436   -0.74019    1.15000    0.00000 
     437   -0.30718    0.80000    0.00000 
     438   -0.22058    0.75000    0.00000 
     439   -1.00000    1.40000    0.00000 
     440   -0.39378    0.85000    0.00000 
     441   -0.13397    0.70000    0.00000 
     442   -0.82679    1.20000    0.00000 
     443   -0.48038    0.90000    0.00000 
     444   -0.04737    0.65000    0.00000 
     445   -0.56699    0.95000    0.00000 
     446    0.03923    0.60000    0.00000 
     447   -0.91340    1.25000    0.00000 
     448   -0.65359    1.00000    0.00000 
     449    0.12583    0.55000    0.00000 
     450    0.32903    0.48387    0.00000 
     451    0.22828    0.51160    0.00000 
     452   -0.74019    1.05000    0.00000 
     453   -1.00000    1.30000    0.00000 
     454   -0.82679    1.10000    0.00000 
     455   -0.30718    0.70000    0.00000 
     456   -0.39378    0.75000    0.00000 
     457   -0.22058    0.65000    0.00000 
     458   -0.48038    0.80000    0.00000 
     459   -0.13397    0.60000    0.00000 
     460   -0.56699    0.85000    0.00000 
     461   -0.91340    1.15000    0.00000 
     462   -0.04737    0.55000    0.00000 
     463   -0.65359    0.90000    0.00000 
     464    0.03923    0.50000    0.00000 
     465   -0.74019    0.95000    0.00000 
     466   -1.00000    1.20000    0.00000 
     467    0.12583    0.45000    0.00000 
     468    0.30323    0.38710    0.00000 
     469   -0.82679    1.00000    0.00000 
     470    0.21244    0.40000    0.00000 
     471   -0.91340    1.05000    0.00000 
     472   -0.39378    0.65000    0.00000 
     473   -0.30718    0.60000    0.00000 
     474   -0.48038    0.70000    0.00000 
     475   -0.22058    0.55000    0.00000 
     476   -0.56699    0.75000    0.00000 
     477   -0.13397    0.50000    0.00000 
     478   -0.65359    0.80000    0.00000 
     479   -0.04737    0.45000    0.00000 
     480   -1.00000    1.10000    0.00000 
     481   -0.74019    0.85000    0.00000 
     482    0.03923    0.40000    0.00000 
     483   -0.82679    0.90000    0.00000 
     484    0.12583    0.35000    0.00000 
     485   -0.91340    0.95000    0.00000 
     486    0.27742    0.29032    0.00000 
     487   -0.39378    0.55000    0.00000 
     488   -0.48038    0.60000    0.00000 
     489   -0.30718    0.50000    0.00000 
     490   -0.56699    0.65000    0.00000 
     491   -0.22058    0.45000    0.00000 
     492   -1.00000    1.00000    0.00000 
     493   -0.65359    0.70000    0.00000 
     494   -0.13397    0.40000    0.00000 
     495   -0.74019    0.75000    0.00000 
     496   -0.04737    0.35000    0.00000 
     497   -0.82679    0.80000    0.00000 
     498    0.03923    0.30000    0.00000 
     499   -0.91340    0.85000    0.00000 
     500    0.14319    0.24731    0.00000 
     501   -1.00000    0.90000    0.00000 
     502    0.25161    0.19355    0.00000 
     503   -0.48038    0.50000    0.00000 
     504   -0.39378    0.45000    0.00000 
     505   -0.56699    0.55000    0.00000 
     506   -0.30718    0.40000    0.00000 
     507   -0.65359    0.60000    0.00000 
     508   -0.22058    0.35000    0.00000 
     509   -0.74019    0.65000    0.00000 
     510   -0.13397    0.30000    0.00000 
     511   -0.82679    0.70000    0.00000 
     512   -0.04737    0.25000    0.00000 
     513   -0.91340    0.75000    0.00000 
     514    0.03923    0.20000    0.00000 
     515   -1.00000    0.80000    0.00000 
     516    0.12583    0.15000    0.00000 
     517   -0.48038    0.40000    0.00000 
     518   -0.56699    0.45000    0.00000 
     519   -0.39378    0.35000    0.00000 
     520   -0.65359    0.50000    0.00000 
     521   -0.30718    0.30000    0.00000 
     522    0.22581    0.09677    0.00000 
     523   -0.74019    0.55000    0.00000 
     524   -0.22058    0.25000    0.00000 
     525   -0.82679    0.60000    0.00000 
     526   -0.13397    0.20000    0.00000 
     527   -0.91340    0.65000    0.00000 
     528   -1.00000    0.70000    0.00000 
     529    0.03923    0.10000    0.00000 
     530   -0.04812    0.12143    0.00000 
     531   -0.56699    0.35000    0.00000 
     532   -0.48038    0.30000    0.00000 
     533   -0.65359    0.40000    0.00000 
     534   -0.39378    0.25000    0.00000 
     535   -0.74019    0.45000    0.00000 
     536   -0.30718    0.20000    0.00000 
     537   -0.82679    0.50000    0.00000 
     538    0.20000    0.00000    0.00000 
     539   -0.21715    0.14167    0.00000 
     540   -0.91340    0.55000    0.00000 
     541   -0.13397    0.10000    0.00000 
     542   -1.00000    0.60000    0.00000 
     543    0.10000    0.00000    0.00000 
     544    0.00000    0.00000    0.00000 
     545   -0.56699    0.25000    0.00000 
     546   -0.65359    0.30000    0.00000 
     547   -0.48038    0.20000    0.00000 
     548   -0.74019    0.35000    0.00000 
     549   -0.39378    0.15000    0.00000 
     550   -0.82679    0.40000    0.00000 
     551   -0.30718    0.10000    0.00000 
     552   -0.91340    0.45000    0.00000 
     553   -0.10000    0.00000    0.00000 
     554   -1.00000    0.50000    0.00000 
     555   -0.20000    0.00000    0.00000 
     556   -0.65359    0.20000    0.00000 
     557   -0.74019    0.25000    0.00000 
     558   -0.48038    0.10000    0.00000 
     559   -0.82679    0.30000    0.00000 
     560   -0.57249    0.14167    0.00000 
     561   -0.91340    0.35000    0.00000 
     562   -0.30000    0.00000    0.00000 
     563   -1.00000    0.40000    0.00000 
     564   -0.40000    0.00000    0.00000 
     565   -0.65191    0.09667    0.00000 
     566   -0.73349    0.14167    0.00000 
     567   -0.82679    0.20000    0.00000 
     568   -0.91340    0.25000    0.00000 
     569   -0.50000    0.00000    0.00000 
     570   -1.00000    0.30000    0.00000 
     571   -0.60000    0.00000    0.00000 
     572   -0.82679    0.10000    0.00000 
     573   -0.91116    0.14167    0.00000 
     574   -1.00000    0.20000    0.00000 
     575   -0.70000    0.00000    0.00000 
     576   -0.80000    0.00000    0.00000 
     577   -1.00000    0.10000    0.00000 
     578   -0.90000    0.00000    0.00000 
     579   -1.00000    0.00000    0.00000 
STRUCTURE_ELEMENTS
       1    579   578     577
       2     14    22      19
       3    309   310     281
       4    439   453     435
       5     19    22      26
       6     14    19      12
       7    435   453     447
       8     26    22      30
       9     19    26      25
      10     12    19      18
      11    447   453     466
      12     25    26      34
      13     19    25      18
      14    447   466     461
      15     34    26      37
      16     18    25      24
      17    447   461     442
      18     34    37      42
      19     24    25      33
      20    442   461     454
      21     42    37      48
      22     33    25      34
      23    454   461     471
      24     48    37      40
      25    471   461     480
      26    454   471     469
      27     40    37      30
      28    480   461     466
      29    469   471     485
      30     30    37      26
      31    485   471     492
      32    492   471     480
      33    485   492     501
      34    485   501     499
      35    499   501     515
      36    485   499     483
      37    499   515     513
      38    483   499     497
      39    485   483     469
      40    499   513     497
      41    483   497     481
      42    469   483     465
      43    497   513     511
      44    483   481     465
      45    511   513     527
      46    465   481     463
      47    527   513     528
      48    511   527     525
      49    463   481     478
      50    528   513     515
      51    525   527     540
      52    478   481     495
      53    540   527     542
      54    495   481     497
      55    542   527     528
      56    540   542     554
      57    540   554     552
      58    552   554     563
      59    540   552     537
      60    552   563     561
      61    537   552     550
      62    540   537     525
      63    561   563     570
      64    550   552     561
      65    525   537     523
      66    550   561     559
      67    523   537     535
      68    525   523     509
      69    559   561     568
      70    535   537     550
      71    509   523     507
      72    568   561     570
      73    507   523     520
      74    509   507     493
      75    520   523     535
      76    507   520     505
      77    493   507     490
      78    505   520     518
      79    507   505     490
      80    518   520     533
      81    490   505     488
      82    533   520     535
      83    518   533     531
      84    488   505     503
      85    531   533     546
      86    518   531     517
      87    503   505     518
      88    546   533     548
      89    517   531     532
      90    503   518     517
      91    548   533     535
      92    532   531     545
      93    548   535     550
      94    545   531     546
      95    548   550     559
      96    548   559     557
      97    557   559     567
      98    548   557     546
      99    567   559     568
     100    546   557     556
     101    567   568     573
     102    556   557     566
     103    573   568     574
     104    566   557     567
     105    574   568     570
     106    573   574     577
     107    573   577     578
     108    495   497     511
     109    495   511     509
     110    509   511     525
     111    495   509     493
     112    495   493     478
     113    478   493     476
     114    476   493     490
     115    478   476     460
     116    476   490     474
     117    460   476     458
     118    474   490     488
     119    458   476     474
     120    460   458     443
     121    458   474     456
     122    443   458     440
     123    456   474     472
     124    458   456     440
     125    472   474     488
     126    440   456     437
     127    472   488     487
     128    437   456     455
     129    487   488     503
     130    472   487     473
     131    455   456     472
     132    487   503     504
     133    473   487     489
     134    455   472     473
     135    504   503     517
     136    489   487     504
     137    504   517     519
     138    489   504     506
     139    519   517     532
     140    506   504     519
     141    519   532     534
     142    506   519     521
     143    534   532     547
     144    521   519     534
     145    547   532     545
     146    534   547     549
     147    547   545     560
     148    549   547     558
     149    560   545     556
     150    547   560     558
     151    556   545     546
     152    558   560     571
     153    478   460     463
     154    463   460     445
     155    445   460     443
     156    463   445     448
     157    445   443     426
     158    448   445     430
     159    426   443     424
     160    445   426     430
     161    424   443     440
     162    430   426     411
     163    424   440     422
     164    411   426     406
     165    422   440     437
     166    424   422     404
     167    406   426     424
     168    422   437     421
     169    404   422     402
     170    406   424     404
     171    421   437     438
     172    402   422     421
     173    406   404     389
     174    438   437     455
     175    402   421     403
     176    389   404     383
     177    403   421     423
     178    402   403     382
     179    383   404     402
     180    423   421     438
     181    382   403     386
     182    423   438     441
     183    386   403     405
     184    441   438     457
     185    423   441     425
     186    405   403     423
     187    457   438     455
     188    425   441     444
     189    405   423     425
     190    457   455     473
     191    444   441     459
     192    405   425     408
     193    457   473     475
     194    459   441     457
     195    408   425     427
     196    475   473     489
     197    427   425     444
     198    408   427     412
     199    475   489     491
     200    427   444     446
     201    412   427     432
     202    491   489     506
     203    446   444     462
     204    432   427     446
     205    462   444     459
     206    446   462     464
     207    462   459     477
     208    464   462     479
     209    446   464     449
     210    477   459     475
     211    479   462     477
     212    449   464     467
     213    475   459     457
     214    479   477     494
     215    467   464     482
     216    494   477     491
     217    482   464     479
     218    467   482     484
     219    491   477     475
     220    482   479     496
     221    484   482     498
     222    496   479     494
     223    498   482     496
     224    484   498     500
     225    498   496     512
     226    500   498     514
     227    512   496     510
     228    498   512     514
     229    510   496     494
     230    514   512     530
     231    510   494     508
     232    530   512     526
     233    508   494     491
     234    510   508     524
     235    526   512     510
     236    508   491     506
     237    524   508     521
     238    526   510     524
     239    508   506     521
     240    521   534     536
     241    536   534     549
     242    521   536     524
     243    536   549     551
     244    524   536     539
     245    551   549     564
     246    539   536     551
     247    524   539     526
     248    539   551     555
     249    526   539     541
     250    541   539     555
     251    526   541     530
     252    530   553     544
     253    463   448     465
     254    465   448     452
     255    452   448     434
     256    465   452     469
     257    434   448     430
     258    469   452     454
     259    434   430     413
     260    454   452     436
     261    413   430     411
     262    436   452     434
     263    454   436     442
     264    413   411     394
     265    442   436     420
     266    394   411     392
     267    420   436     418
     268    442   420     428
     269    392   411     406
     270    418   436     434
     271    428   420     407
     272    392   406     389
     273    407   420     400
     274    428   407     414
     275    392   389     370
     276    400   420     418
     277    414   407     393
     278    370   389     369
     279    393   407     384
     280    414   393     399
     281    369   389     383
     282    384   407     400
     283    399   393     378
     284    369   383     366
     285    384   400     379
     286    378   393     372
     287    366   383     382
     288    379   400     397
     289    372   393     384
     290    382   383     402
     291    397   400     418
     292    372   384     364
     293    364   384     379
     294    372   364     349
     295    364   379     358
     296    349   364     340
     297    372   349     356
     298    358   379     376
     299    340   364     358
     300    356   349     332
     301    376   379     397
     302    340   358     334
     303    332   349     319
     304    376   397     394
     305    334   358     355
     306    319   349     340
     307    394   397     413
     308    355   358     376
     309    319   340     314
     310    413   397     418
     311    314   340     334
     312    319   314     291
     313    413   418     434
     314    314   334     306
     315    291   314     284
     316    306   334     331
     317    314   306     284
     318    331   334     355
     319    284   306     280
     320    331   355     352
     321    280   306     302
     322    284   280     258
     323    352   355     374
     324    302   306     331
     325    258   280     254
     326    374   355     376
     327    302   331     327
     328    254   280     274
     329    327   331     352
     330    302   327     298
     331    274   280     302
     332    327   352     348
     333    298   327     324
     334    274   302     298
     335    348   352     370
     336    324   327     348
     337    298   324     295
     338    370   352     374
     339    348   370     369
     340    295   324     320
     341    298   295     271
     342    348   369     345
     343    320   324     345
     344    271   295     268
     345    298   271     274
     346    345   369     366
     347    345   324     348
     348    268   295     294
     349    274   271     249
     350    345   366     344
     351    294   295     320
     352    249   271     245
     353    274   249     254
     354    344   366     367
     355    294   320     322
     356    245   271     268
     357    254   249     230
     358    367   366     382
     359    322   320     344
     360    230   249     224
     361    254   230     232
     362    367   382     386
     363    344   320     345
     364    224   249     245
     365    232   230     208
     366    367   386     365
     367    224   245     221
     368    208   230     205
     369    232   208     213
     370    365   386     390
     371    221   245     244
     372    205   230     224
     373    213   208     190
     374    390   386     405
     375    244   245     268
     376    190   208     186
     377    213   190     193
     378    390   405     408
     379    244   268     269
     380    186   208     205
     381    193   190     171
     382    269   268     294
     383    244   269     247
     384    171   190     168
     385    193   171     179
     386    247   269     273
     387    244   247     222
     388    168   190     186
     389    179   171     156
     390    273   269     296
     391    222   247     226
     392    156   171     150
     393    179   156     165
     394    296   269     294
     395    226   247     250
     396    150   171     168
     397    165   156     143
     398    296   294     322
     399    250   247     273
     400    143   156     136
     401    165   143     151
     402    296   322     326
     403    250   273     276
     404    136   156     150
     405    151   143     130
     406    326   322     346
     407    276   273     299
     408    130   143     122
     409    151   130     138
     410    346   322     344
     411    299   273     296
     412    122   143     136
     413    138   130     119
     414    299   296     326
     415    119   130     112
     416    138   119     129
     417    112   130     122
     418    119   112     101
     419    129   119     111
     420    112   122     105
     421    101   112      93
     422    111   119     101
     423    129   111     120
     424    105   122     117
     425     93   112     105
     426    120   111     103
     427    129   120     139
     428    117   122     136
     429     93   105      89
     430    103   111      91
     431    139   120     133
     432     89   105     100
     433     93    89      77
     434     91   111     101
     435    133   120     116
     436    100   105     117
     437     77    89      73
     438    116   120     103
     439    133   116     126
     440     73    89      85
     441     77    73      63
     442    126   116     106
     443    133   126     147
     444     85    89     100
     445    106   116      99
     446    133   147     152
     447     99   116     103
     448    106    99      90
     449    152   147     169
     450     99   103      87
     451     90    99      83
     452    169   147     161
     453     87   103      91
     454     83    99      87
     455    161   147     140
     456     87    91      76
     457    140   147     126
     458    161   140     157
     459     76    91      86
     460    157   140     137
     461    161   157     178
     462     86    91     101
     463    137   140     121
     464    178   157     174
     465    121   140     126
     466    137   121     118
     467    174   157     154
     468    118   121     104
     469    137   118     135
     470    154   157     137
     471    104   121     106
     472    135   118     114
     473    106   121     126
     474    104   106      90
     475    104    90      88
     476     88    90      75
     477    104    88     102
     478     75    90      83
     479    102    88      96
     480     75    83      67
     481     67    83      72
     482     75    67      61
     483     72    83      87
     484     67    72      59
     485     61    67      54
     486     72    87      76
     487     59    72      62
     488     54    67      59
     489     62    72      76
     490     59    62      50
     491     62    76      71
     492     50    62      57
     493     71    76      86
     494     62    71      57
     495     57    71      63
     496     63    71      77
     497     57    63      51
     498     77    71      86
     499     51    63      60
     500     77    86      93
     501     60    63      73
     502     93    86     101
     503     60    73      70
     504     70    73      85
     505     60    70      58
     506     70    85      84
     507     58    70      69
     508     84    85      98
     509     70    84      69
     510     98    85     100
     511     69    84      80
     512     98   100     113
     513     80    84      94
     514     69    80      68
     515    113   100     117
     516     94    84      98
     517     68    80      82
     518    113   117     131
     519     82    80      92
     520     68    82      66
     521    131   117     136
     522     92    80      94
     523     66    82      79
     524    131   136     150
     525     92    94     107
     526     79    82      95
     527    107    94     109
     528     92   107     108
     529     95    82      92
     530    109    94      98
     531    108   107     123
     532    109    98     113
     533    123   107     124
     534    108   123     125
     535    124   107     109
     536    123   124     141
     537    125   123     142
     538    124   109     127
     539    141   124     144
     540    142   123     141
     541    127   109     113
     542    144   124     127
     543    142   141     159
     544    127   113     131
     545    159   141     160
     546    142   159     162
     547    160   141     144
     548    159   160     180
     549    162   159     181
     550    160   144     164
     551    180   160     182
     552    181   159     180
     553    164   144     146
     554    182   160     164
     555    181   180     201
     556    146   144     127
     557    201   180     202
     558    181   201     204
     559    202   180     182
     560    201   202     221
     561    204   201     222
     562    202   182     205
     563    221   202     224
     564    222   201     221
     565    205   182     186
     566    224   202     205
     567    186   182     164
     568    186   164     168
     569    168   164     146
     570    168   146     150
     571    150   146     131
     572    104   102     118
     573    118   102     114
     574     60    58      49
     575     49    58      47
     576     47    58      56
     577     49    47      38
     578     56    58      69
     579     38    47      36
     580     49    38      39
     581     56    69      68
     582     36    47      46
     583     38    36      28
     584     39    38      29
     585     56    68      55
     586     46    47      56
     587     29    38      28
     588     56    55      46
     589     29    28      21
     590     46    55      45
     591     21    28      20
     592     45    55      53
     593     45    53      41
     594     45    41      35
     595     35    41      31
     596     45    35      46
     597     35    31      27
     598     27    31      23
     599     27    23      20
     600     35    27      36
     601     20    28      27
     602     21    20      16
     603     16    20      13
     604     21    16      17
     605     13    20      23
     606     17    16      11
     607     21    17      24
     608     24    17      18
     609     18    17      11
     610     11    16      10
     611     10    16      13
     612     11    10       4
     613      4    10       6
     614     11     4       7
     615      7     4       5
     616     11    12      18
     617     28    36      27
     618     55    68      66
     619     55    66      53
     620    449   467     451
     621    451   467     470
     622    449   451     433
     623    470   467     484
     624    451   470     450
     625    433   451     431
     626    449   433     432
     627    432   433     415
     628    449   432     446
     629    415   433     417
     630    432   415     412
     631    417   433     431
     632    417   431     410
     633    417   410     398
     634    398   410     387
     635    417   398     415
     636    398   387     377
     637    377   387     363
     638    398   377     391
     639    391   377     368
     640    398   391     415
     641    368   377     354
     642    391   368     388
     643    412   415     391
     644    354   377     363
     645    368   354     341
     646    388   368     357
     647    341   354     325
     648    368   341     357
     649    388   357     390
     650    325   354     338
     651    291   284     264
     652    264   284     258
     653    291   264     272
     654    264   258     239
     655    272   264     242
     656    291   272     301
     657    239   258     232
     658    264   239     242
     659    301   272     283
     660    239   232     213
     661    242   239     217
     662    301   283     312
     663    239   213     217
     664    312   283     292
     665    217   213     193
     666    292   283     265
     667    312   292     323
     668    265   283     256
     669    292   265     277
     670    323   292     305
     671    256   283     272
     672    277   265     248
     673    305   292     277
     674    248   265     238
     675    277   248     261
     676    305   277     289
     677    238   265     256
     678    261   248     235
     679    289   277     261
     680    238   256     229
     681    235   248     220
     682    289   261     275
     683    229   256     242
     684    220   248     238
     685    275   261     246
     686    242   256     272
     687    246   261     235
     688    275   246     262
     689    246   235     219
     690    262   246     236
     691    219   235     209
     692    246   219     236
     693    209   235     220
     694    236   219     211
     695    209   220     196
     696    211   219     194
     697    236   211     223
     698    196   220     212
     699    194   219     209
     700    223   211     197
     701    212   220     238
     702    194   209     184
     703    197   211     187
     704    212   238     229
     705    184   209     196
     706    187   211     194
     707    212   229     203
     708    184   196     173
     709    187   194     170
     710    203   229     217
     711    173   196     189
     712    170   194     184
     713    217   229     242
     714    189   196     212
     715    189   212     203
     716    189   203     179
     717    179   203     193
     718    189   179     165
     719    193   203     217
     720    189   165     173
     721    173   165     151
     722    173   151     158
     723    158   151     138
     724    173   158     184
     725    158   138     149
     726    184   158     170
     727    149   138     129
     728    158   149     170
     729    149   129     139
     730    170   149     163
     731    149   139     163
     732    163   139     152
     733    152   139     133
     734    163   152     175
     735    175   152     169
     736    163   175     187
     737    175   169     191
     738    187   175     197
     739    163   187     170
     740    191   169     185
     741    197   175     191
     742    185   169     161
     743    185   161     178
     744    185   178     200
     745    200   178     195
     746    185   200     207
     747    195   178     174
     748    207   200     227
     749    195   174     192
     750    227   200     218
     751    207   227     233
     752    192   174     172
     753    218   200     195
     754    233   227     252
     755    172   174     154
     756    252   227     243
     757    233   252     259
     758    243   227     218
     759    252   243     270
     760    259   252     278
     761    270   243     266
     762    252   270     278
     763    266   243     240
     764    278   270     300
     765    240   243     218
     766    266   240     263
     767    300   270     293
     768    263   240     237
     769    266   263     288
     770    293   270     266
     771    237   240     216
     772    288   263     286
     773    216   240     218
     774    237   216     214
     775    286   263     260
     776    216   218     195
     777    214   216     192
     778    260   263     237
     779    216   195     192
     780    232   258     254
     781    275   262     290
     782    290   262     279
     783    275   290     304
     784    279   262     251
     785    290   279     308
     786    304   290     318
     787    275   304     289
     788    308   279     297
     789    304   318     333
     790    289   304     317
     791    297   279     267
     792    333   318     350
     793    317   304     333
     794    267   279     251
     795    350   318     337
     796    267   251     241
     797    337   318     308
     798    350   337     361
     799    241   251     223
     800    308   318     290
     801    361   337     353
     802    223   251     236
     803    353   337     328
     804    236   251     262
     805    328   337     308
     806    353   328     342
     807    328   308     297
     808    342   328     315
     809    328   297     315
     810    315   297     287
     811    287   297     267
     812    315   287     307
     813    287   267     259
     814    307   287     278
     815    315   307     336
     816    259   267     241
     817    278   287     259
     818    336   307     330
     819    330   307     300
     820    300   307     278
     821    330   300     321
     822    321   300     293
     823    321   293     316
     824    316   293     288
     825    288   293     266
     826    316   288     313
     827    313   288     286
     828    313   286     310
     829    310   286     281
     830    241   223     215
     831    215   223     197
     832    241   215     233
     833    215   197     191
     834    233   215     207
     835    215   191     207
     836    207   191     185
     837    342   315     336
     838    241   233     259
     839    391   388     412
     840    192   172     198
     841    399   378     385
     842    385   378     362
     843    399   385     409
     844    362   378     356
     845    409   385     396
     846    399   409     419
     847    356   378     372
     848    396   385     375
     849    409   396     416
     850    419   409     429
     851    375   385     362
     852    396   375     381
     853    416   396     401
     854    429   409     416
     855    375   362     351
     856    381   375     360
     857    401   396     381
     858    351   362     339
     859    375   351     360
     860    401   381     395
     861    339   362     356
     862    360   351     335
     863    395   381     371
     864    339   356     332
     865    335   351     323
     866    360   335     347
     867    371   381     360
     868    339   332     312
     869    323   351     339
     870    347   335     317
     871    371   360     347
     872    312   332     301
     873    323   339     312
     874    317   335     305
     875    371   347     359
     876    301   332     319
     877    305   335     323
     878    317   305     289
     879    359   347     333
     880    301   319     291
     881    333   347     317
     882    359   333     350
     883    359   350     373
     884    373   350     361
     885    359   373     380
     886    359   380     371
     887    371   380     395
     888    250   276     257
     889    257   276     285
     890    250   257     231
     891    285   276     303
     892    231   257     234
     893    250   231     226
     894    303   276     299
     895    234   257     255
     896    231   234     210
     897    226   231     206
     898    303   299     329
     899    210   234     228
     900    228   234     255
     901    231   210     206
     902    329   299     326
     903    206   210     188
     904    329   326     343
     905    188   210     199
     906    206   188     183
     907    343   326     346
     908    329   343     357
     909    357   343     365
     910    183   188     166
     911    206   183     204
     912    343   346     365
     913    166   188     167
     914    204   183     181
     915    365   346     367
     916    167   188     177
     917    166   167     148
     918    181   183     162
     919    367   346     344
     920    148   167     155
     921    155   167     177
     922    177   188     199
     923    148   155     134
     924    166   148     145
     925    162   183     166
     926    145   148     128
     927    166   145     162
     928    128   148     134
     929    162   145     142
     930    142   145     125
     931    125   145     128
     932    125   128     110
     933    110   128     115
     934    125   110     108
     935    108   110      95
     936     95   110      97
     937    108    95      92
     938    257   285     255
     939    285   303     325
     940    399   419     414
     941    414   419     435
     942    435   419     439
     943    414   435     428
     944    439   419     429
     945    428   435     447
     946    428   447     442
     947    555   553     541
     948    237   214     225
     949    214   192     198
     950    303   329     341
     951    114   132     135
     952    204   222     226
     953    204   226     206
     954    567   573     572
     955    572   573     578
     956    567   572     566
     957    566   572     575
     958    571   569     558
     959     24    33      32
     960     32    33      43
     961     24    29      21
     962     43    33      44
     963     32    43      39
     964     44    33      34
     965     43    44      50
     966     44    34      42
     967     44    54      59
     968     61    54      48
     969     52    64      61
     970    392   370     374
     971    392   374     394
     972    394   374     376
     973    514   530     529
     974    529   530     544
     975    514   529     516
     976    516   529     543
     977    514   516     500
     978    500   516     502
     979      1     2       3
     980    484   500     486
     981    137   135     154
     982    154   135     153
     983    198   225     214
     984     66    79      65
     985    576   575     572
     986    222   221     244
     987    544   543     529
     988    172   154     153
     989    153   176     172
     990    286   260     281
     991    564   562     551
     992     42    48      54
     993     42    54      44
     994     51    60      49
     995     51    49      39
     996     51    39      43
     997     78    96      88
     998    560   556     565
     999    565   556     566
    1000    560   565     571
    1001    565   566     575
    1002     29    24      32
    1003     29    32      39
    1004      5     8       7
    1005    253   281     260
    1006     57    51      43
    1007    578   576     572
    1008     10    13       9
    1009    553   530     541
    1010    132   153     135
    1011    390   408     388
    1012     59    50      44
    1013    569   564     558
    1014    365   390     357
    1015     64    78      74
    1016     74    78      88
    1017     64    74      61
    1018     61    74      75
    1019     88    75      74
    1020      2     5       4
    1021    549   558     564
    1022     50    57      43
    1023     79    95      97
    1024    225   260     237
    1025     14    12       8
    1026      8    12       7
    1027      7    12      11
    1028     36    46      35
    1029    575   571     565
    1030     40    52      48
    1031     48    52      61
    1032    127   131     146
    1033    543   522     516
    1034    260   225     253
    1035    176   198     172
    1036    408   412     388
    1037    562   555     551
    1038    470   484     486
    1039     96   114     102
    1040    341   325     303
    1041    357   341     329
    1042    538   522     543
    1043    468   450     470
    1044    468   470     486
    1045    282   255     285
    1046     97    81      79
    1047     79    81      65
    1048      9     6      10
    1049    502   486     500
    1050    338   311     325
    1051    134   115     128
    1052     23    15      13
    1053     13    15       9
    1054    228   199     210
    1055     65    53      66
    1056    522   502     516
    1057    363   338     354
    1058    450   431     451
    1059      6     3       4
    1060    311   282     285
    1061    115    97     110
    1062    325   311     285
    1063      3     2       4
STRUCTURE_DIRICHLET_NODES
STRUCTURE_FORCE_NODES
       1 boundaryLoad computeConstantVerticalLoad
       2 boundaryLoad computeConstantVerticalLoad
       5 boundaryLoad computeConstantVerticalLoad
       8 boundaryLoad computeConstantVerticalLoad
      14 boundaryLoad computeConstantVerticalLoad
      22 boundaryLoad computeConstantVerticalLoad
      30 boundaryLoad computeConstantVerticalLoad
      40 boundaryLoad computeConstantVerticalLoad
      52 boundaryLoad computeConstantVerticalLoad
      64 boundaryLoad computeConstantVerticalLoad
      78 boundaryLoad computeConstantVerticalLoad
      96 boundaryLoad computeConstantVerticalLoad
     114 boundaryLoad computeConstantVerticalLoad
     132 boundaryLoad computeConstantVerticalLoad
     153 boundaryLoad computeConstantVerticalLoad
     176 boundaryLoad computeConstantVerticalLoad
     198 boundaryLoad computeConstantVerticalLoad
     225 boundaryLoad computeConstantVerticalLoad
     253 boundaryLoad computeConstantVerticalLoad
     281 boundaryLoad computeConstantVerticalLoad
     309 boundaryLoad computeConstantVerticalLoad
STRUCTURE_CONTACT_NODES
       1 
       2 
       3 
       5 
       6 
       8 
       9 
      14 
      15 
      22 
      23 
      30 
      31 
      40 
      41 
      52 
      53 
      64 
      65 
      78 
      81 
      96 
      97 
     114 
     115 
     132 
     134 
     153 
     155 
     176 
     177 
     198 
     199 
     225 
     228 
     253 
     255 
     281 
     282 
     309 
     310 
     311 
     313 
     316 
     321 
     330 
     336 
     338 
     342 
     353 
     361 
     363 
     373 
     380 
     387 
     395 
     401 
     410 
     416 
     429 
     431 
     439 
     450 
     453 
     466 
     468 
     480 
     486 
     492 
     501 
     502 
     515 
     522 
     528 
     538 
     542 
     543 
     544 
     553 
     554 
     555 
     562 
     563 
     564 
     569 
     570 
     571 
     574 
     575 
     576 
     577 
     578 
     579 
%%%%%%%%%%%%%%%%%%%%%%%%%%%%%%%%%%%%%%%%%%%%%%%%%%%%%%%%%%%%%%%%%%%%%%%%%%%
%                                                                         %
%   Fluid Boundary Value Problem                                          %
%                                                                         %
%%%%%%%%%%%%%%%%%%%%%%%%%%%%%%%%%%%%%%%%%%%%%%%%%%%%%%%%%%%%%%%%%%%%%%%%%%%

FLUID_ANALYSIS
 ANALYSIS_TYPE,NAVIER_STOKES_2D

FLUID_MATERIAL_PROPERTIES

FLUID_NLINEAR_SCHEME
 NLINEAR_SCHEME,newtonRapshon
 NO_LOAD_STEPS,1
 TOLERANCE,1e-9
 MAX_ITERATIONS,30

FLUID_TRANSIENT_ANALYSIS
 SOLVER STEADY_STATE
 TIME_INTEGRATION BOSSAK
 ALPHA_BETA -0.1
 GAMMA 0.6
 START_TIME 0
 END_TIME 10
 NUMBER_OF_TIME_STEPS 1e3
 ADAPTIVE_TIME_STEPPING true
 
FLUID_INTEGRATION
 DOMAIN default
 domainNoGP 1
 boundaryNoGP 1
        
FLUID_ELEMENTS


FLUID_DIRICHLET_NODES

FLUID_DIRICHLET_ALE_NODES
FLUID_POST_PROC_NODES

FLUID_NODES

