%%%%%%%%%%%%%%%%%%%%%%%%%%%%%%%%%%%%%%%%%%%%%%%%%%%%%%%%%%%%%%%%%%%%%%%%%%%
%                                                                         %
%   License:        BSD License                                           %
%                   cane Multiphysics default license: cane/license.txt   %
%                                                                         %
%   Main authors:   Andreas Apostolatos                                   %
%                   Marko Leskovar                                        %
%                                                                         %
%%%%%%%%%%%%%%%%%%%%%%%%%%%%%%%%%%%%%%%%%%%%%%%%%%%%%%%%%%%%%%%%%%%%%%%%%%%

%%%%%%%%%%%%%%%%%%%%%%%%%%%%%%%%%%%%%%%%%%%%%%%%%%%%%%%%%%%%%%%%%%%%%%%%%%%
%                                                                         %
%   Matlab Input File                                                     %
%   _________________                                                     %
%                                                                         %
%   cane Multiphysics                                                     %
%                                                                         %
%%%%%%%%%%%%%%%%%%%%%%%%%%%%%%%%%%%%%%%%%%%%%%%%%%%%%%%%%%%%%%%%%%%%%%%%%%%

%%%%%%%%%%%%%%%%%%%%%%%%%%%%%%%%%%%%%%%%%%%%%%%%%%%%%%%%%%%%%%%%%%%%%%%%%%%
%                                                                         %
%   Structural Boundary Value Problem                                     %
%                                                                         %
%%%%%%%%%%%%%%%%%%%%%%%%%%%%%%%%%%%%%%%%%%%%%%%%%%%%%%%%%%%%%%%%%%%%%%%%%%%

STRUCTURE_ANALYSIS
 ANALYSIS_TYPE,planeStress

STRUCTURE_MATERIAL_PROPERTIES
 DENSITY,1.0
 YOUNGS_MODULUS,1e5
 POISSON_RATIO,0.3
 THICKNESS,1.0

STRUCTURE_NLINEAR_SCHEME
 NLINEAR_SCHEME,NEWTON_RAPHSON
 NO_LOAD_STEPS,1
 TOLERANCE,1e-9
 MAX_ITERATIONS,100

STRUCTURE_TRANSIENT_ANALYSIS
 SOLVER STEADY_STATE
 TIME_INTEGRATION EXPLICIT_EULER
 ALPHA_BETA -0.1
 GAMMA 0.6
 START_TIME 0
 END_TIME 10
 NUMBER_OF_TIME_STEPS 100
 ADAPTIVE_TIME_STEPPING true
 
STRUCTURE_INTEGRATION
 DOMAIN default
 domainNoGP 1
 boundaryNoGP 1

STRUCTURE_NODES
       1    3.00000    0.00000    0.00000 
       2    3.00000    0.20000    0.00000 
       3    2.79063    0.00000    0.00000 
       4    2.76645    0.30148    0.00000 
       5    2.64463    0.14368    0.00000 
       6    3.00000    0.40000    0.00000 
       7    2.58126    0.00000    0.00000 
       8    2.86137    0.49528    0.00000 
       9    2.56859    0.32585    0.00000 
      10    2.45023    0.17798    0.00000 
      11    3.00000    0.60000    0.00000 
      12    2.66237    0.50176    0.00000 
      13    2.37190    0.00000    0.00000 
      14    2.79198    0.64949    0.00000 
      15    2.37956    0.31398    0.00000 
      16    2.46322    0.49278    0.00000 
      17    2.26014    0.13699    0.00000 
      18    2.56851    0.66142    0.00000 
      19    3.00000    0.80000    0.00000 
      20    2.16253    0.00000    0.00000 
      21    2.28321    0.48914    0.00000 
      22    2.17970    0.31845    0.00000 
      23    2.65962    0.83846    0.00000 
      24    2.36972    0.66413    0.00000 
      25    2.06340    0.16330    0.00000 
      26    2.47653    0.83206    0.00000 
      27    3.00000    1.00000    0.00000 
      28    2.81866    1.00466    0.00000 
      29    1.95316    0.00000    0.00000 
      30    2.18601    0.66382    0.00000 
      31    1.98580    0.31942    0.00000 
      32    2.05202    0.52485    0.00000 
      33    2.56202    1.00836    0.00000 
      34    2.27758    0.83718    0.00000 
      35    1.86640    0.16658    0.00000 
      36    2.36343    0.99578    0.00000 
      37    3.00000    1.20000    0.00000 
      38    1.88457    0.45666    0.00000 
      39    2.69034    1.18113    0.00000 
      40    1.75785    0.00000    0.00000 
      41    1.79192    0.32442    0.00000 
      42    1.99251    0.78448    0.00000 
      43    2.46825    1.16576    0.00000 
      44    2.16818    0.99893    0.00000 
      45    1.85235    0.64199    0.00000 
      46    1.66768    0.17321    0.00000 
      47    2.26860    1.17054    0.00000 
      48    2.78524    1.36390    0.00000 
      49    1.70919    0.50534    0.00000 
      50    3.00000    1.40000    0.00000 
      51    2.54952    1.34657    0.00000 
      52    1.57752    0.00000    0.00000 
      53    1.59693    0.34111    0.00000 
      54    1.79891    0.83418    0.00000 
      55    1.93514    1.00304    0.00000 
      56    2.35091    1.32718    0.00000 
      57    2.06890    1.17221    0.00000 
      58    1.66049    0.69054    0.00000 
      59    1.49478    0.17186    0.00000 
      60    2.83527    1.52904    0.00000 
      61    1.53605    0.52056    0.00000 
      62    2.63630    1.52664    0.00000 
      63    2.15643    1.32942    0.00000 
      64    1.41204    0.00000    0.00000 
      65    3.00000    1.60000    0.00000 
      66    2.43339    1.50926    0.00000 
      67    1.87059    1.15819    0.00000 
      68    1.39929    0.33677    0.00000 
      69    1.33654    0.15683    0.00000 
      70    1.56961    0.86749    0.00000 
      71    1.71174    1.07022    0.00000 
      72    2.25567    1.50149    0.00000 
      73    1.46203    0.70408    0.00000 
      74    1.96134    1.33507    0.00000 
      75    1.26103    0.00000    0.00000 
      76    2.53566    1.67961    0.00000 
      77    2.77246    1.73361    0.00000 
      78    1.34130    0.55558    0.00000 
      79    2.06390    1.50538    0.00000 
      80    1.24851    0.28496    0.00000 
      81    1.77029    1.30951    0.00000 
      82    3.00000    1.80000    0.00000 
      83    2.33697    1.67842    0.00000 
      84    1.20875    0.42296    0.00000 
      85    1.37400    0.86334    0.00000 
      86    1.46261    1.03778    0.00000 
      87    1.86763    1.47586    0.00000 
      88    1.14428    0.15499    0.00000 
      89    1.27066    0.70227    0.00000 
      90    2.13894    1.66228    0.00000 
      91    1.12392    0.00000    0.00000 
      92    1.57069    1.25773    0.00000 
      93    1.15380    0.55564    0.00000 
      94    2.43528    1.85221    0.00000 
      95    1.07132    0.30864    0.00000 
      96    1.94517    1.65856    0.00000 
      97    2.23834    1.83538    0.00000 
      98    1.66947    1.48016    0.00000 
      99    1.00000    0.00000    0.00000 
     100    3.00000    2.00000    0.00000 
     101    1.18404    0.84012    0.00000 
     102    1.26870    1.01176    0.00000 
     103    0.99371    0.11196    0.00000 
     104    2.80000    2.00000    0.00000 
     105    1.03002    0.42665    0.00000 
     106    1.08433    0.68133    0.00000 
     107    0.97493    0.22252    0.00000 
     108    2.60000    2.00000    0.00000 
     109    1.35369    1.21236    0.00000 
     110    1.74696    1.63488    0.00000 
     111    2.03873    1.83359    0.00000 
     112    0.94388    0.33028    0.00000 
     113    2.40000    2.00000    0.00000 
     114    0.97578    0.53929    0.00000 
     115    1.45117    1.42887    0.00000 
     116    0.90097    0.43388    0.00000 
     117    1.08253    0.96741    0.00000 
     118    1.00123    0.79845    0.00000 
     119    2.20000    2.00000    0.00000 
     120    1.83920    1.82774    0.00000 
     121    1.14744    1.14744    0.00000 
     122    1.55335    1.63508    0.00000 
     123    0.90926    0.64515    0.00000 
     124    0.84672    0.53203    0.00000 
     125    2.00000    2.00000    0.00000 
     126    1.65033    1.80818    0.00000 
     127    1.22151    1.39056    0.00000 
     128    0.90553    0.90553    0.00000 
     129    0.83131    0.74290    0.00000 
     130    0.96741    1.08253    0.00000 
     131    0.78183    0.62349    0.00000 
     132    1.35478    1.61470    0.00000 
     133    1.80000    2.00000    0.00000 
     134    1.01176    1.26870    0.00000 
     135    1.45073    1.80629    0.00000 
     136    0.70711    0.70711    0.00000 
     137    0.74290    0.83131    0.00000 
     138    1.18880    1.59171    0.00000 
     139    0.79845    1.00123    0.00000 
     140    1.60000    2.00000    0.00000 
     141    1.03778    1.46261    0.00000 
     142    0.84012    1.18404    0.00000 
     143    1.28239    1.80658    0.00000 
     144    0.62349    0.78183    0.00000 
     145    0.64515    0.90926    0.00000 
     146    0.86334    1.37400    0.00000 
     147    0.68133    1.08433    0.00000 
     148    1.40000    2.00000    0.00000 
     149    1.00000    1.65359    0.00000 
     150    0.53203    0.84672    0.00000 
     151    0.70227    1.27066    0.00000 
     152    1.10000    1.82679    0.00000 
     153    0.53929    0.97578    0.00000 
     154    0.86749    1.56961    0.00000 
     155    1.20000    2.00000    0.00000 
     156    0.55564    1.15380    0.00000 
     157    0.43388    0.90097    0.00000 
     158    0.70408    1.46203    0.00000 
     159    0.42665    1.03002    0.00000 
     160    0.87911    1.79052    0.00000 
     161    0.55558    1.34130    0.00000 
     162    1.00000    2.00000    0.00000 
     163    0.33028    0.94388    0.00000 
     164    0.69718    1.65065    0.00000 
     165    0.42296    1.20875    0.00000 
     166    0.30864    1.07132    0.00000 
     167    0.53595    1.53167    0.00000 
     168    0.70000    1.82679    0.00000 
     169    0.22252    0.97493    0.00000 
     170    0.40191    1.39507    0.00000 
     171    0.80000    2.00000    0.00000 
     172    0.28496    1.24851    0.00000 
     173    0.18675    1.09914    0.00000 
     174    0.51352    1.76560    0.00000 
     175    0.11196    0.99371    0.00000 
     176    0.36109    1.58204    0.00000 
     177    0.24319    1.43130    0.00000 
     178    0.60000    2.00000    0.00000 
     179    0.14338    1.27257    0.00000 
     180    0.06251    1.11314    0.00000 
     181    0.00000    1.00000    0.00000 
     182    0.30040    1.76804    0.00000 
     183    0.18169    1.61253    0.00000 
     184   -0.06251    1.11314    0.00000 
     185    0.08140    1.44952    0.00000 
     186    0.00000    1.28062    0.00000 
     187   -0.11196    0.99371    0.00000 
     188    0.40000    2.00000    0.00000 
     189   -0.22252    0.97493    0.00000 
     190   -0.18675    1.09914    0.00000 
     191   -0.14338    1.27257    0.00000 
     192   -0.08140    1.44952    0.00000 
     193    0.10056    1.79056    0.00000 
     194    0.00000    1.62273    0.00000 
     195    0.20000    2.00000    0.00000 
     196   -0.33028    0.94388    0.00000 
     197   -0.30864    1.07132    0.00000 
     198   -0.28496    1.24851    0.00000 
     199   -0.24319    1.43130    0.00000 
     200   -0.43388    0.90097    0.00000 
     201   -0.18169    1.61253    0.00000 
     202   -0.42665    1.03002    0.00000 
     203   -0.10056    1.79056    0.00000 
     204    0.00000    2.00000    0.00000 
     205   -0.42296    1.20875    0.00000 
     206   -0.53203    0.84672    0.00000 
     207   -0.53929    0.97578    0.00000 
     208   -0.40191    1.39507    0.00000 
     209   -0.62349    0.78183    0.00000 
     210   -0.36109    1.58204    0.00000 
     211   -0.55564    1.15380    0.00000 
     212   -0.30040    1.76804    0.00000 
     213   -0.64515    0.90926    0.00000 
     214   -0.20000    2.00000    0.00000 
     215   -0.70711    0.70711    0.00000 
     216   -0.55558    1.34130    0.00000 
     217   -0.78183    0.62349    0.00000 
     218   -0.74290    0.83131    0.00000 
     219   -0.68133    1.08433    0.00000 
     220   -0.53595    1.53167    0.00000 
     221   -0.84672    0.53203    0.00000 
     222   -0.83131    0.74290    0.00000 
     223   -0.70227    1.27066    0.00000 
     224   -0.90097    0.43388    0.00000 
     225   -0.79845    1.00123    0.00000 
     226   -0.50753    1.77015    0.00000 
     227   -0.40000    2.00000    0.00000 
     228   -0.94388    0.33028    0.00000 
     229   -0.90926    0.64515    0.00000 
     230   -0.97493    0.22252    0.00000 
     231   -0.70408    1.46203    0.00000 
     232   -0.99371    0.11196    0.00000 
     233   -1.00000    0.00000    0.00000 
     234   -0.90553    0.90553    0.00000 
     235   -0.97578    0.53929    0.00000 
     236   -0.84012    1.18404    0.00000 
     237   -0.68630    1.65687    0.00000 
     238   -1.03002    0.42665    0.00000 
     239   -1.00123    0.79845    0.00000 
     240   -1.07132    0.30864    0.00000 
     241   -0.86334    1.37400    0.00000 
     242   -0.66897    1.85241    0.00000 
     243   -0.96741    1.08253    0.00000 
     244   -0.60000    2.00000    0.00000 
     245   -1.12392    0.00000    0.00000 
     246   -1.08433    0.68133    0.00000 
     247   -1.14428    0.15499    0.00000 
     248   -0.86749    1.56961    0.00000 
     249   -1.15380    0.55564    0.00000 
     250   -1.08253    0.96741    0.00000 
     251   -1.01176    1.26870    0.00000 
     252   -0.84103    1.75790    0.00000 
     253   -1.20875    0.42296    0.00000 
     254   -1.24851    0.28496    0.00000 
     255   -1.26103    0.00000    0.00000 
     256   -1.18404    0.84012    0.00000 
     257   -0.80000    2.00000    0.00000 
     258   -1.03778    1.46261    0.00000 
     259   -1.14744    1.14744    0.00000 
     260   -1.27066    0.70227    0.00000 
     261   -1.00000    1.65359    0.00000 
     262   -1.33654    0.15683    0.00000 
     263   -1.17007    1.32332    0.00000 
     264   -1.34130    0.55558    0.00000 
     265   -1.26870    1.01176    0.00000 
     266   -1.41204    0.00000    0.00000 
     267   -1.39929    0.33677    0.00000 
     268   -1.37400    0.86334    0.00000 
     269   -1.00000    2.00000    0.00000 
     270   -1.10000    1.82679    0.00000 
     271   -1.49478    0.17186    0.00000 
     272   -1.20000    1.65359    0.00000 
     273   -1.46203    0.70408    0.00000 
     274   -1.35340    1.25745    0.00000 
     275   -1.30000    1.48038    0.00000 
     276   -1.53605    0.52056    0.00000 
     277   -1.57752    0.00000    0.00000 
     278   -1.48043    1.05424    0.00000 
     279   -1.59693    0.34111    0.00000 
     280   -1.56961    0.86749    0.00000 
     281   -1.20000    2.00000    0.00000 
     282   -1.66768    0.17321    0.00000 
     283   -1.30000    1.82679    0.00000 
     284   -1.40000    1.65359    0.00000 
     285   -1.66049    0.69054    0.00000 
     286   -1.70919    0.50534    0.00000 
     287   -1.50000    1.48038    0.00000 
     288   -1.75785    0.00000    0.00000 
     289   -1.59351    1.26499    0.00000 
     290   -1.79192    0.32442    0.00000 
     291   -1.40000    2.00000    0.00000 
     292   -1.72335    1.06038    0.00000 
     293   -1.50000    1.82679    0.00000 
     294   -1.86640    0.16658    0.00000 
     295   -1.79891    0.83418    0.00000 
     296   -1.60000    1.65359    0.00000 
     297   -1.85235    0.64199    0.00000 
     298   -1.88457    0.45666    0.00000 
     299   -1.70000    1.48038    0.00000 
     300   -1.95316    0.00000    0.00000 
     301   -1.80000    1.30718    0.00000 
     302   -1.98580    0.31942    0.00000 
     303   -1.60000    2.00000    0.00000 
     304   -1.90000    1.13397    0.00000 
     305   -1.93878    0.97710    0.00000 
     306   -1.70000    1.82679    0.00000 
     307   -1.99251    0.78448    0.00000 
     308   -2.06340    0.16330    0.00000 
     309   -1.80000    1.65359    0.00000 
     310   -2.05202    0.52485    0.00000 
     311   -1.90000    1.48038    0.00000 
     312   -2.16253    0.00000    0.00000 
     313   -2.00000    1.30718    0.00000 
     314   -2.17970    0.31845    0.00000 
     315   -1.80000    2.00000    0.00000 
     316   -2.13248    0.92733    0.00000 
     317   -2.10000    1.13397    0.00000 
     318   -2.18601    0.66382    0.00000 
     319   -1.90000    1.82679    0.00000 
     320   -2.26014    0.13699    0.00000 
     321   -2.00000    1.65359    0.00000 
     322   -2.28321    0.48914    0.00000 
     323   -2.10000    1.48038    0.00000 
     324   -2.29041    0.83554    0.00000 
     325   -2.20000    1.30718    0.00000 
     326   -2.37190    0.00000    0.00000 
     327   -2.00000    2.00000    0.00000 
     328   -2.37956    0.31398    0.00000 
     329   -2.10000    1.82679    0.00000 
     330   -2.30000    1.13397    0.00000 
     331   -2.38674    0.66026    0.00000 
     332   -2.45023    0.17798    0.00000 
     333   -2.20000    1.65359    0.00000 
     334   -2.38554    0.97049    0.00000 
     335   -2.30000    1.48038    0.00000 
     336   -2.48315    0.48503    0.00000 
     337   -2.49038    0.83137    0.00000 
     338   -2.40000    1.30718    0.00000 
     339   -2.20000    2.00000    0.00000 
     340   -2.58126    0.00000    0.00000 
     341   -2.57951    0.30978    0.00000 
     342   -2.30000    1.82679    0.00000 
     343   -2.50000    1.13397    0.00000 
     344   -2.58674    0.65611    0.00000 
     345   -2.40000    1.65359    0.00000 
     346   -2.64569    0.15755    0.00000 
     347   -2.60000    0.96077    0.00000 
     348   -2.50000    1.48038    0.00000 
     349   -2.71715    0.46305    0.00000 
     350   -2.60000    1.30718    0.00000 
     351   -2.40000    2.00000    0.00000 
     352   -2.72259    0.81043    0.00000 
     353   -2.79063    0.00000    0.00000 
     354   -2.78883    0.25506    0.00000 
     355   -2.50000    1.82679    0.00000 
     356   -2.70000    1.13397    0.00000 
     357   -2.60000    1.65359    0.00000 
     358   -2.82670    0.62736    0.00000 
     359   -2.71667    1.46699    0.00000 
     360   -2.83172    0.98699    0.00000 
     361   -2.60000    2.00000    0.00000 
     362   -2.80333    1.30163    0.00000 
     363   -3.00000    0.00000    0.00000 
     364   -2.71667    1.82233    0.00000 
     365   -3.00000    0.20000    0.00000 
     366   -3.00000    0.40000    0.00000 
     367   -3.00000    0.60000    0.00000 
     368   -2.80000    1.65359    0.00000 
     369   -3.00000    0.80000    0.00000 
     370   -3.00000    1.00000    0.00000 
     371   -3.00000    1.20000    0.00000 
     372   -2.80000    2.00000    0.00000 
     373   -3.00000    1.40000    0.00000 
     374   -3.00000    1.60000    0.00000 
     375   -3.00000    1.80000    0.00000 
     376   -3.00000    2.00000    0.00000 
STRUCTURE_ELEMENTS
       1    233   232     245
       2    209   206     213
       3    169   163     166
       4    116   112     105
       5    224   221     235
       6    189   187     190
       7    144   136     137
       8    230   228     240
       9    200   196     202
      10    157   150     153
      11    107   103      88
      12    217   215     222
      13    181   175     180
      14    131   124     123
      15    232   230     247
      16    206   200     207
      17    163   157     159
      18    112   107      95
      19    221   217     229
      20    187   181     184
      21    136   131     129
      22    228   224     238
      23    196   189     197
      24    150   144     145
      25    103    99      91
      26    215   209     218
      27    175   169     173
      28    124   116     114
      29    213   206     207
      30    213   207     219
      31    153   150     145
      32    153   145     147
      33     95   107      88
      34     95    88      80
      35    173   169     166
      36    173   166     172
      37    190   187     184
      38    190   184     191
      39    123   124     114
      40    123   114     106
      41    238   224     235
      42    238   235     249
      43    105   112      95
      44    105    95      84
      45    222   215     218
      46    222   218     234
      47    184   181     180
      48    184   180     186
      49    240   228     238
      50    240   238     253
      51    207   200     202
      52    207   202     211
      53    145   144     137
      54    145   137     139
      55    166   163     159
      56    166   159     165
      57     88   103      91
      58    229   217     222
      59    229   222     239
      60    114   116     105
      61    114   105      93
      62    137   136     129
      63    137   129     128
      64    247   230     240
      65    247   240     254
      66    197   189     190
      67    197   190     198
      68    235   221     229
      69    235   229     246
      70    180   175     173
      71    180   173     179
      72    129   131     123
      73    129   123     118
      74    202   196     197
      75    202   197     205
      76    159   157     153
      77    159   153     156
      78    218   209     213
      79    218   213     225
      80    232   247     245
      81    266   255     262
      82    255   245     247
      83     91    75      88
      84     75    64      69
      85    277   266     271
      86     64    52      59
      87    262   255     247
      88    266   262     271
      89    271   262     267
      90     69    64      59
      91     69    59      68
      92     75    69      88
      93    219   207     211
      94    219   211     223
      95    234   218     225
      96    234   225     243
      97    128   129     118
      98    128   118     117
      99    225   213     219
     100    225   219     236
     101    191   184     186
     102    191   186     192
     103    139   137     128
     104    139   128     130
     105    179   173     172
     106    179   172     177
     107     80    88      69
     108     80    69      68
     109     80    68      84
     110     80    84      95
     111    253   238     249
     112    253   249     264
     113    198   190     191
     114    198   191     199
     115    249   235     246
     116    249   246     260
     117    239   222     234
     118    239   234     250
     119    205   197     198
     120    205   198     208
     121    147   145     139
     122    147   139     142
     123    186   180     179
     124    186   179     185
     125    254   240     253
     126    254   253     267
     127    254   267     262
     128    254   262     247
     129    106   114      93
     130    106    93      89
     131    165   159     156
     132    165   156     161
     133    118   123     106
     134    118   106     101
     135    172   166     165
     136    172   165     170
     137    211   202     205
     138    211   205     216
     139    246   229     239
     140    246   239     256
     141     93   105      84
     142     93    84      78
     143    156   153     147
     144    156   147     151
     145    288   277     282
     146     52    40      46
     147    223   211     216
     148    223   216     231
     149    199   191     192
     150    199   192     201
     151    101   106      89
     152    101    89      85
     153    192   186     185
     154    192   185     194
     155    142   139     130
     156    142   130     134
     157     78    84      68
     158    117   118     101
     159    117   101     102
     160    250   234     243
     161    250   243     259
     162    216   205     208
     163    216   208     220
     164    177   172     170
     165    177   170     176
     166     89    93      78
     167     89    78      73
     168    243   225     236
     169    243   236     251
     170    260   246     256
     171    260   256     268
     172    170   165     161
     173    170   161     167
     174    130   128     117
     175    130   117     121
     176    185   179     177
     177    185   177     183
     178    151   147     142
     179    151   142     146
     180    236   219     223
     181    236   223     241
     182    208   198     199
     183    208   199     210
     184    256   239     250
     185    256   250     265
     186    264   249     260
     187    264   260     273
     188    161   156     151
     189    161   151     158
     190    253   264     267
     191    271   267     279
     192     68    59      53
     193    277   271     282
     194    282   271     279
     195    282   279     290
     196     59    52      46
     197     59    46      53
     198     53    46      41
     199    231   216     220
     200    231   220     237
     201    176   170     167
     202    176   167     174
     203    241   223     231
     204    241   231     248
     205    134   130     121
     206    134   121     127
     207    167   161     158
     208    167   158     164
     209    158   151     146
     210    158   146     154
     211     85    89      73
     212     85    73      70
     213    251   236     241
     214    251   241     258
     215    265   250     259
     216    265   259     274
     217    259   243     251
     218    259   251     263
     219    183   177     176
     220    183   176     182
     221    201   192     194
     222    201   194     203
     223     73    78      61
     224    210   199     201
     225    210   201     212
     226    102   101      85
     227    102    85      86
     228    121   117     102
     229    121   102     109
     230    194   185     183
     231    194   183     193
     232    268   256     265
     233    268   265     278
     234    273   260     268
     235    273   268     280
     236    220   208     210
     237    220   210     226
     238    146   142     134
     239    146   134     141
     240    264   273     276
     241    288   282     294
     242     46    40      35
     243    300   288     294
     244    300   294     308
     245     40    29      35
     246     35    29      25
     247    290   279     286
     248     70    73      58
     249    109   102      86
     250    248   231     237
     251    182   176     174
     252    226   210     212
     253    237   220     226
     254    274   259     263
     255    278   265     274
     256    164   158     154
     257    212   201     203
     258     41    46      35
     259     41    35      31
     260     31    35      25
     261     31    25      22
     262     41    31      38
     263     22    25      17
     264     31    22      32
     265    258   241     248
     266    193   183     182
     267    127   121     109
     268    203   194     193
     269    141   134     127
     270    174   167     164
     271    263   251     258
     272    280   268     278
     273    154   146     141
     274     86    85      70
     275    282   290     294
     276    294   290     302
     277    302   290     298
     278    294   302     308
     279    308   302     314
     280    314   302     310
     281    308   314     320
     282     53    41      49
     283    273   280     285
     284    300   308     312
     285    312   308     320
     286    312   320     326
     287    326   320     332
     288    332   320     328
     289    326   332     340
     290     25    29      20
     291     25    20      17
     292     17    20      13
     293     17    13      10
     294     10    13       7
     295     17    15      22
     296    279   267     276
     297    279   276     286
     298    286   276     285
     299    286   285     297
     300     68    53      61
     301     61    53      49
     302     61    49      58
     303     58    49      45
     304     61    78      68
     305    276   273     285
     306    297   285     295
     307     45    49      38
     308     45    38      32
     309     38    49      41
     310     32    38      31
     311     73    61      58
     312    264   276     267
     313    286   297     298
     314    298   297     310
     315    286   298     290
     316    298   310     302
     317     58    45      54
     318     32    22      21
     319    314   310     322
     320    285   280     295
     321     70    58      54
     322    297   295     307
     323     54    45      42
     324     21    22      15
     325     32    21      30
     326    322   310     318
     327    314   322     328
     328    307   295     305
     329    297   307     310
     330     42    45      32
     331     54    42      55
     332     15    17      10
     333     15    10       9
     334      9    10       5
     335     15     9      16
     336      5    10       7
     337      5     7       3
     338      9     5       4
     339     16     9      12
     340     15    16      21
     341     21    16      24
     342     24    16      18
     343     21    24      30
     344     30    24      34
     345     34    24      26
     346     30    34      42
     347     18    16      12
     348     18    12      14
     349     14    12       8
     350     18    14      23
     351     24    18      26
     352     26    18      23
     353     26    23      33
     354     33    23      28
     355     26    33      36
     356     34    26      36
     357     34    36      44
     358     44    36      47
     359     34    44      42
     360     47    36      43
     361     44    47      57
     362     33    28      39
     363     28    23      19
     364     36    33      43
     365     43    33      39
     366     43    39      51
     367     51    39      48
     368     43    51      56
     369      8    12       4
     370     14     8      11
     371     11     8       6
     372      6     8       4
     373     23    14      19
     374      4     5       3
     375      9     4      12
     376     48    39      37
     377     51    48      62
     378     56    51      66
     379     43    56      47
     380     47    56      63
     381     63    56      72
     382     47    63      57
     383     57    63      74
     384     74    63      79
     385     57    74      67
     386     72    56      66
     387     72    66      83
     388     83    66      76
     389     72    83      90
     390     63    72      79
     391     79    72      90
     392     79    90      96
     393     96    90     111
     394     79    96      87
     395    111    90      97
     396     96   111     120
     397     87    96     110
     398     79    87      74
     399     74    87      81
     400     81    87      98
     401     74    81      67
     402     67    81      71
     403     98    87     110
     404     98   110     122
     405    122   110     126
     406     98   122     115
     407     71    81      92
     408     67    71      55
     409     81    98      92
     410    126   110     120
     411    126   120     133
     412    133   120     125
     413    122   126     135
     414    115   122     132
     415     98   115      92
     416     92   115     109
     417     76    66      62
     418     76    62      77
     419     77    62      60
     420     76    77     108
     421     83    76      94
     422     90    83      97
     423     97    83      94
     424     97    94     113
     425    113    94     108
     426     57    67      55
     427     55    71      54
     428     71    92      86
     429     60    62      48
     430     60    48      50
     431     77    65      82
     432    110    96     120
     433    115   132     127
     434    120   111     125
     435    125   111     119
     436    122   135     132
     437    111    97     119
     438    119    97     113
     439    135   126     140
     440    140   126     133
     441     94    76     108
     442     39    28      37
     443     44    57      55
     444    318   310     307
     445    305   295     292
     446    328   322     336
     447    336   322     331
     448    328   336     341
     449     55    42      44
     450     51    62      66
     451    322   318     331
     452    307   305     316
     453     32    30      42
     454    314   328     320
     455    332   328     341
     456    332   346     340
     457      1     2       3
     458    291   303     293
     459    366   365     354
     460    341   336     349
     461    293   303     306
     462    354   365     353
     463    366   354     349
     464    349   336     344
     465    306   303     315
     466    344   336     331
     467    349   344     358
     468    306   315     319
     469    358   344     352
     470    349   358     366
     471    319   315     327
     472    352   344     337
     473    358   352     369
     474    319   327     329
     475    337   344     331
     476    329   327     339
     477    319   329     321
     478    337   331     324
     479    321   329     333
     480    319   321     309
     481    324   331     318
     482    333   329     342
     483    321   333     323
     484    309   321     311
     485    342   329     339
     486    333   342     345
     487    323   333     335
     488    311   321     323
     489    342   339     351
     490    345   342     355
     491    335   333     345
     492    342   351     355
     493    335   345     348
     494    355   351     361
     495    348   345     357
     496    335   348     338
     497    357   345     355
     498    348   357     359
     499    338   348     350
     500    357   355     364
     501    359   357     368
     502    350   348     359
     503    338   350     343
     504    364   355     361
     505    368   357     364
     506    343   350     356
     507    338   343     330
     508    368   364     375
     509    356   350     362
     510    330   343     334
     511    338   330     325
     512    362   350     359
     513    356   362     371
     514    334   343     347
     515    325   330     317
     516    362   359     373
     517    347   343     356
     518    334   347     337
     519    337   347     352
     520    334   337     324
     521    352   347     360
     522    334   324     316
     523    360   347     356
     524    360   356     371
     525    352   360     369
     526    316   324     318
     527    317   330     316
     528     65    77      60
     529     65    60      50
     530    195   204     193
     531    376   375     372
     532    323   335     325
     533    325   335     338
     534    323   325     313
     535    313   325     317
     536    323   313     311
     537    313   317     304
     538    311   313     301
     539    304   317     305
     540    304   305     292
     541    304   292     301
     542    313   304     301
     543    311   301     299
     544    299   301     289
     545    311   299     309
     546    289   301     292
     547    299   289     287
     548    309   299     296
     549    287   289     274
     550    299   287     296
     551    309   296     306
     552    296   287     284
     553    306   296     293
     554    309   306     319
     555    284   287     275
     556    296   284     293
     557    275   287     274
     558    284   275     272
     559    293   284     283
     560    272   275     258
     561    284   272     283
     562    293   283     291
     563    283   272     270
     564    291   283     281
     565    270   272     261
     566    283   270     281
     567    261   272     258
     568    261   258     248
     569    261   248     252
     570    252   248     237
     571    261   252     270
     572    252   237     242
     573    242   237     226
     574    252   242     257
     575    257   242     244
     576    244   242     226
     577    281   270     269
     578    269   270     252
     579     19    27      28
     580    162   171     160
     581    160   171     168
     582    162   160     152
     583    168   171     178
     584    152   160     149
     585    162   152     155
     586    168   178     174
     587    149   160     154
     588    149   154     141
     589    149   141     138
     590    138   141     127
     591    149   138     152
     592    155   152     143
     593    143   152     138
     594    155   143     148
     595    148   143     135
     596    135   143     132
     597    160   164     154
     598    371   370     360
     599    292   295     280
     600    307   316     318
     601    100   104      82
     602    214   227     212
     603    374   373     368
     604    359   368     373
     605     37    50      48
     606    178   188     174
     607    361   372     364
     608    364   372     375
     609    369   367     358
     610    316   305     317
     611      2     6       4
     612    140   148     135
     613    365   363     353
     614    204   214     203
     615    375   374     368
     616     27    37      28
     617    257   269     252
     618    370   369     360
     619     11    19      14
     620    341   349     354
     621    104   108      77
     622    227   244     226
     623    373   371     362
     624    330   334     316
     625    188   195     182
     626    367   366     358
     627    109    86      92
     628    212   203     214
     629    280   278     292
     630    203   193     204
     631    182   174     188
     632    193   182     195
     633     86    70      71
     634    278   274     289
     635    174   164     168
     636    168   164     160
     637    274   263     275
     638    275   263     258
     639    226   212     227
     640    127   109     115
     641    353   340     346
     642    346   332     341
     643    353   346     354
     644    346   341     354
     645    132   143     138
     646    132   138     127
     647     70    54      71
     648      2     4       3
     649     82   104      77
     650    292   278     289
STRUCTURE_DIRICHLET_NODES
     233 0.0  0.0  NaN  
     245 0.0  0.0  NaN  
     255 0.0  0.0  NaN  
     266 0.0  0.0  NaN  
     277 0.0  0.0  NaN  
     288 0.0  0.0  NaN  
     300 0.0  0.0  NaN  
     312 0.0  0.0  NaN  
     326 0.0  0.0  NaN  
     340 0.0  0.0  NaN  
     353 0.0  0.0  NaN  
     363 0.0  0.0  NaN  
STRUCTURE_FORCE_NODES
     100 boundaryLoad computeConstantVerticalLoad
     104 boundaryLoad computeConstantVerticalLoad
     108 boundaryLoad computeConstantVerticalLoad
     113 boundaryLoad computeConstantVerticalLoad
     119 boundaryLoad computeConstantVerticalLoad
     125 boundaryLoad computeConstantVerticalLoad
     133 boundaryLoad computeConstantVerticalLoad
     140 boundaryLoad computeConstantVerticalLoad
     148 boundaryLoad computeConstantVerticalLoad
     155 boundaryLoad computeConstantVerticalLoad
     162 boundaryLoad computeConstantVerticalLoad
     171 boundaryLoad computeConstantVerticalLoad
     178 boundaryLoad computeConstantVerticalLoad
     188 boundaryLoad computeConstantVerticalLoad
     195 boundaryLoad computeConstantVerticalLoad
     204 boundaryLoad computeConstantVerticalLoad
     214 boundaryLoad computeConstantVerticalLoad
     227 boundaryLoad computeConstantVerticalLoad
     244 boundaryLoad computeConstantVerticalLoad
     257 boundaryLoad computeConstantVerticalLoad
     269 boundaryLoad computeConstantVerticalLoad
     281 boundaryLoad computeConstantVerticalLoad
     291 boundaryLoad computeConstantVerticalLoad
     303 boundaryLoad computeConstantVerticalLoad
     315 boundaryLoad computeConstantVerticalLoad
     327 boundaryLoad computeConstantVerticalLoad
     339 boundaryLoad computeConstantVerticalLoad
     351 boundaryLoad computeConstantVerticalLoad
     361 boundaryLoad computeConstantVerticalLoad
     372 boundaryLoad computeConstantVerticalLoad
     376 boundaryLoad computeConstantVerticalLoad
STRUCTURE_CONTACT_NODES
       1 
       3 
       7 
      13 
      20 
      29 
      40 
      52 
      64 
      75 
      91 
      99 
%%%%%%%%%%%%%%%%%%%%%%%%%%%%%%%%%%%%%%%%%%%%%%%%%%%%%%%%%%%%%%%%%%%%%%%%%%%
%                                                                         %
%   Fluid Boundary Value Problem                                          %
%                                                                         %
%%%%%%%%%%%%%%%%%%%%%%%%%%%%%%%%%%%%%%%%%%%%%%%%%%%%%%%%%%%%%%%%%%%%%%%%%%%

FLUID_ANALYSIS
 ANALYSIS_TYPE,NAVIER_STOKES_2D

FLUID_MATERIAL_PROPERTIES

FLUID_NLINEAR_SCHEME
 NLINEAR_SCHEME,newtonRapshon
 NO_LOAD_STEPS,1
 TOLERANCE,1e-5
 MAX_ITERATIONS,10

FLUID_TRANSIENT_ANALYSIS
 SOLVER STEADY_STATE
 TIME_INTEGRATION BOSSAK
 ALPHA_BETA -0.1
 GAMMA 0.6
 START_TIME 0
 END_TIME 10
 NUMBER_OF_TIME_STEPS 1e3
 ADAPTIVE_TIME_STEPPING false
 
FLUID_INTEGRATION
 DOMAIN default
 domainNoGP 1
 boundaryNoGP 1
        
FLUID_ELEMENTS


FLUID_DIRICHLET_NODES

FLUID_DIRICHLET_ALE_NODES
FLUID_POST_PROC_NODES

FLUID_NODES

