%%%%%%%%%%%%%%%%%%%%%%%%%%%%%%%%%%%%%%%%%%%%%%%%%%%%%%%%%%%%%%%%%%%%%%%%%%%
%                                                                         %
%   License:        BSD License                                           %
%                   cane Multiphysics default license: cane/license.txt   %
%                                                                         %
%   Main authors:   Andreas Apostolatos                                   %
%                   Marko Leskovar                                        %
%                                                                         %
%%%%%%%%%%%%%%%%%%%%%%%%%%%%%%%%%%%%%%%%%%%%%%%%%%%%%%%%%%%%%%%%%%%%%%%%%%%

%%%%%%%%%%%%%%%%%%%%%%%%%%%%%%%%%%%%%%%%%%%%%%%%%%%%%%%%%%%%%%%%%%%%%%%%%%%
%                                                                         %
%   Matlab Input File                                                     %
%   _________________                                                     %
%                                                                         %
%   cane Multiphysics                                                     %
%                                                                         %
%%%%%%%%%%%%%%%%%%%%%%%%%%%%%%%%%%%%%%%%%%%%%%%%%%%%%%%%%%%%%%%%%%%%%%%%%%%

%%%%%%%%%%%%%%%%%%%%%%%%%%%%%%%%%%%%%%%%%%%%%%%%%%%%%%%%%%%%%%%%%%%%%%%%%%%
%                                                                         %
%   Structural Boundary Value Problem                                     %
%                                                                         %
%%%%%%%%%%%%%%%%%%%%%%%%%%%%%%%%%%%%%%%%%%%%%%%%%%%%%%%%%%%%%%%%%%%%%%%%%%%

STRUCTURE_ANALYSIS
 ANALYSIS_TYPE,planeStrain

STRUCTURE_MATERIAL_PROPERTIES
 DENSITY,1.0
 YOUNGS_MODULUS,1e5
 POISSON_RATIO,0.3
 THICKNESS,1.0

STRUCTURE_NLINEAR_SCHEME
 NLINEAR_SCHEME,NEWTON_RAPHSON
 NO_LOAD_STEPS,1
 TOLERANCE,1e-9
 MAX_ITERATIONS,100

STRUCTURE_TRANSIENT_ANALYSIS
 SOLVER STEADY_STATE
 TIME_INTEGRATION EXPLICIT_EULER
 ALPHA_BETA -0.1
 GAMMA 0.6
 START_TIME 0
 END_TIME 10
 NUMBER_OF_TIME_STEPS 100
 ADAPTIVE_TIME_STEPPING true
 
STRUCTURE_INTEGRATION
 DOMAIN default
 domainNoGP 1
 boundaryNoGP 1

STRUCTURE_NODES
       1    5.00000    0.00000    0.00000 
       2    4.41176    0.00000    0.00000 
       3    4.96354    0.60268    0.00000 
       4    4.11765    0.51962    0.00000 
       5    3.82353    0.00000    0.00000 
       6    4.42279    1.03538    0.00000 
       7    4.85471    1.19658    0.00000 
       8    3.52941    0.51962    0.00000 
       9    3.82353    1.03923    0.00000 
      10    3.23529    0.00000    0.00000 
      11    4.13005    1.55340    0.00000 
      12    4.67508    1.77302    0.00000 
      13    3.24632    1.03538    0.00000 
      14    2.94118    0.51962    0.00000 
      15    3.53146    1.55691    0.00000 
      16    2.64706    0.00000    0.00000 
      17    3.82180    2.06243    0.00000 
      18    4.42728    2.32362    0.00000 
      19    2.64706    1.03923    0.00000 
      20    2.93297    1.54542    0.00000 
      21    2.35294    0.51962    0.00000 
      22    3.22224    2.07068    0.00000 
      23    2.05882    0.00000    0.00000 
      24    3.52802    2.58515    0.00000 
      25    4.11492    2.84032    0.00000 
      26    2.36115    1.54542    0.00000 
      27    2.04780    1.03538    0.00000 
      28    2.64706    2.06503    0.00000 
      29    1.76471    0.51962    0.00000 
      30    2.92954    2.58745    0.00000 
      31    1.47059    0.00000    0.00000 
      32    3.22678    3.06613    0.00000 
      33    3.74255    3.31561    0.00000 
      34    1.76266    1.55691    0.00000 
      35    2.04885    2.05572    0.00000 
      36    1.47059    1.03923    0.00000 
      37    2.33123    2.57339    0.00000 
      38    1.17647    0.51962    0.00000 
      39    2.61818    3.09989    0.00000 
      40    1.44983    2.03560    0.00000 
      41    3.31561    3.74255    0.00000 
      42    0.88235    0.00000    0.00000 
      43    1.16407    1.55340    0.00000 
      44    1.73388    2.56338    0.00000 
      45    0.89338    1.03538    0.00000 
      46    2.02384    3.08793    0.00000 
      47    0.58824    0.51962    0.00000 
      48    2.49213    3.69255    0.00000 
      49    1.18408    2.55811    0.00000 
      50    0.85013    2.06359    0.00000 
      51    2.84032    4.11492    0.00000 
      52    0.56819    1.53504    0.00000 
      53    1.45400    3.08033    0.00000 
      54    0.29412    0.00000    0.00000 
      55    0.29412    1.03923    0.00000 
      56    1.83121    3.68273    0.00000 
      57    0.00000    0.51962    0.00000 
      58    0.58814    2.58861    0.00000 
      59    0.30514    2.07461    0.00000 
      60    0.90309    3.09765    0.00000 
      61    2.32362    4.42728    0.00000 
      62    0.00000    1.55885    0.00000 
      63    1.19487    3.60835    0.00000 
      64   -0.29412    0.00000    0.00000 
      65   -0.29412    1.03923    0.00000 
      66    1.51533    4.21311    0.00000 
      67   -0.58824    0.51962    0.00000 
      68    0.01102    2.59423    0.00000 
      69    0.30464    3.11101    0.00000 
      70    1.77302    4.67508    0.00000 
      71   -0.29412    2.07846    0.00000 
      72    0.59781    3.61078    0.00000 
      73   -0.58824    1.55885    0.00000 
      74   -0.88235    0.00000    0.00000 
      75    0.90060    4.25019    0.00000 
      76   -0.88235    1.03923    0.00000 
      77   -0.29395    3.10931    0.00000 
      78    0.00042    3.58136    0.00000 
      79   -0.58824    2.59808    0.00000 
      80    1.19658    4.85471    0.00000 
      81   -1.17647    0.51962    0.00000 
      82   -0.88235    2.07846    0.00000 
      83    0.29635    4.25062    0.00000 
      84   -1.17647    1.55885    0.00000 
      85   -1.47059    0.00000    0.00000 
      86   -1.47059    1.03923    0.00000 
      87    0.60268    4.96354    0.00000 
      88   -0.58768    3.62029    0.00000 
      89   -0.89131    3.10584    0.00000 
      90   -1.18749    2.59423    0.00000 
      91   -1.76471    0.51962    0.00000 
      92   -0.29186    4.26187    0.00000 
      93   -1.48161    2.07461    0.00000 
      94   -1.77573    1.55500    0.00000 
      95   -2.05882    0.00000    0.00000 
      96    0.00000    5.00000    0.00000 
      97   -2.05882    1.03923    0.00000 
      98   -1.18698    3.62717    0.00000 
      99   -1.48909    3.11037    0.00000 
     100   -0.89154    4.24605    0.00000 
     101   -1.78693    2.59015    0.00000 
     102   -2.35294    0.51962    0.00000 
     103   -2.08110    2.07064    0.00000 
     104   -0.60268    4.96354    0.00000 
     105   -2.37279    1.54713    0.00000 
     106   -2.64706    0.00000    0.00000 
     107   -1.48348    4.14870    0.00000 
     108   -2.65808    1.03538    0.00000 
     109   -2.08525    3.10723    0.00000 
     110   -1.84685    3.68579    0.00000 
     111   -2.37468    2.58513    0.00000 
     112   -1.19658    4.85471    0.00000 
     113   -2.67353    2.06531    0.00000 
     114   -2.94118    0.51962    0.00000 
     115   -2.96929    1.54428    0.00000 
     116   -1.77302    4.67508    0.00000 
     117   -3.23529    0.00000    0.00000 
     118   -2.68442    3.09811    0.00000 
     119   -3.25698    1.01874    0.00000 
     120   -2.51268    3.69399    0.00000 
     121   -2.97427    2.58263    0.00000 
     122   -3.26702    2.06075    0.00000 
     123   -3.52941    0.51962    0.00000 
     124   -2.32362    4.42728    0.00000 
     125   -3.55368    1.53805    0.00000 
     126   -3.82353    0.00000    0.00000 
     127   -3.28227    3.09505    0.00000 
     128   -2.84032    4.11492    0.00000 
     129   -3.84929    1.01812    0.00000 
     130   -3.57383    2.57590    0.00000 
     131   -3.86595    2.04925    0.00000 
     132   -3.31561    3.74255    0.00000 
     133   -4.11765    0.51962    0.00000 
     134   -4.14775    1.53625    0.00000 
     135   -3.74255    3.31561    0.00000 
     136   -4.41176    0.00000    0.00000 
     137   -4.38659    0.97465    0.00000 
     138   -4.11492    2.84032    0.00000 
     139   -4.42728    2.32362    0.00000 
     140   -4.67508    1.77302    0.00000 
     141   -4.85471    1.19658    0.00000 
     142   -4.96354    0.60268    0.00000 
     143   -5.00000    0.00000    0.00000 
STRUCTURE_ELEMENTS
       1    143   136     142
       2     64    54      57
       3      2     1       3
       4    106    95     102
       5     23    16      21
       6    126   117     123
       7     85    74      81
       8     42    31      38
       9     10     5       8
      10    136   126     133
      11     95    85      91
      12     54    42      47
      13     16    10      14
      14    117   106     114
      15     74    64      67
      16     31    23      29
      17      5     2       4
      18     57    54      47
      19     57    47      55
      20     81    74      67
      21     81    67      76
      22     91    85      81
      23     91    81      86
      24     67    64      57
      25     67    57      65
      26     55    47      45
      27     76    67      65
      28     76    65      73
      29     86    81      76
      30     86    76      84
      31     65    57      55
      32     65    55      62
      33     73    65      62
      34     73    62      71
      35     76    73      84
      36     84    73      82
      37     86    84      94
      38     71    62      59
      39     73    71      82
      40     82    71      79
      41     84    82      93
      42     79    71      68
      43     82    79      90
      44     21    16      14
      45     21    14      19
      46     19    14      13
      47     21    19      27
      48      8     5       4
      49      8     4       9
      50      9     4       6
      51      8     9      13
      52     13     9      15
      53      8    13      14
      54      8    14      10
      55     15     9      11
      56     13    15      20
      57      4     2       3
      58    102    95      91
      59    102    91      97
      60     97    91      86
      61     97    86      94
      62     97    94     105
      63    102    97     108
      64    105    94     103
      65     97   105     108
      66    108   105     115
      67    115   105     113
      68    108   115     119
      69     38    31      29
      70     38    29      36
      71     36    29      27
      72     36    27      34
      73     27    29      21
      74     21    29      23
      75     34    27      26
      76     36    34      43
      77     38    36      45
      78     45    36      43
      79     38    45      47
      80     45    43      52
      81     38    47      42
      82     52    43      50
      83     45    52      55
      84     55    52      62
      85     62    52      59
      86    123   117     114
      87    123   114     119
      88    123   119     129
      89    119   114     108
      90    108   114     102
      91    102   114     106
      92    129   119     125
      93    123   129     133
      94    133   129     137
      95    123   133     126
      96    137   129     134
      97    133   137     142
      98    136   133     142
      99    125   119     115
     100    125   115     122
     101    122   115     113
     102    125   122     131
     103    122   113     121
     104    129   125     134
     105    134   125     131
     106    134   131     139
     107    137   134     141
     108    140   134     139
     109    121   113     111
     110    122   121     130
     111     11     9       6
     112     11     6      12
     113     11    12      18
     114     20    15      22
     115     26    27      19
     116     26    19      20
     117     26    20      28
     118     20    19      13
     119     28    20      22
     120     28    22      30
     121     26    28      35
     122     30    22      24
     123     28    30      37
     124     35    28      37
     125     35    37      44
     126     44    37      46
     127     35    44      40
     128     26    35      34
     129     34    35      40
     130     34    40      43
     131     43    40      50
     132     24    22      17
     133     30    24      32
     134     37    30      39
     135     15    11      17
     136     15    17      22
     137     17    11      18
     138     52    50      59
     139     59    50      58
     140     58    50      49
     141     59    58      68
     142     68    58      69
     143     69    58      60
     144     68    69      77
     145     49    50      40
     146     49    40      44
     147     49    44      53
     148     53    44      46
     149     53    46      56
     150     49    53      60
     151     60    53      63
     152     63    53      56
     153     63    56      66
     154     60    63      72
     155     66    56      61
     156     63    66      75
     157     56    46      48
     158     58    49      60
     159     75    66      80
     160     63    75      72
     161     72    75      83
     162     83    75      87
     163     72    83      78
     164     59    68      71
     165     60    72      69
     166     69    72      78
     167     69    78      77
     168     77    78      88
     169     88    78      92
     170     77    88      89
     171     92    78      83
     172     92    83      96
     173     88    92     100
     174     89    88      98
     175     77    89      79
     176     77    79      68
     177     79    89      90
     178     90    89      99
     179     48    46      39
     180     48    39      41
     181     39    46      37
     182     56    48      61
     183     99    89      98
     184     90    99     101
     185     99    98     110
     186    131   122     130
     187    113   105     103
     188    113   103     111
     189    111   103     101
     190    111   101     109
     191    101   103      93
     192    109   101      99
     193    109    99     110
     194    111   109     118
     195    101    93      90
     196     90    93      82
     197      6     4       3
     198     98    88     100
     199    100    92     104
     200     94    84      93
     201     94    93     103
     202    118   109     120
     203    111   118     121
     204    121   118     127
     205    127   118     132
     206    121   127     130
     207    130   127     135
     208    135   127     132
     209     30    32      39
     210    110    98     107
     211     24    17      25
     212     32    24      33
     213     32    33      41
     214    120   109     110
     215    118   120     132
     216    107    98     100
     217    110   107     124
     218    131   130     138
     219    138   130     135
     220     51    61      48
     221    116   124     107
     222    116   107     112
     223    141   142     137
     224    141   134     140
     225     18    25      17
     226     87    96      83
     227      7    12       6
     228      7     6       3
     229     70    80      66
     230    128   132     120
     231    104   112     100
     232     61    70      66
     233    124   128     120
     234     25    33      24
     235     96   104      92
     236    138   139     131
     237     80    87      75
     238     41    51      48
     239    120   110     124
     240     39    32      41
     241    107   100     112
STRUCTURE_DIRICHLET_NODES
       1 NaN  0.0  NaN  
       2 NaN  0.0  NaN  
       5 NaN  0.0  NaN  
      10 NaN  0.0  NaN  
      16 NaN  0.0  NaN  
      23 NaN  0.0  NaN  
      31 NaN  0.0  NaN  
      42 NaN  0.0  NaN  
      54 NaN  0.0  NaN  
      64 NaN  0.0  NaN  
      74 NaN  0.0  NaN  
      85 NaN  0.0  NaN  
      95 NaN  0.0  NaN  
     106 NaN  0.0  NaN  
     117 NaN  0.0  NaN  
     126 NaN  0.0  NaN  
     136 NaN  0.0  NaN  
     143 NaN  0.0  NaN  
STRUCTURE_FORCE_NODES
      96 boundaryLoad computeConstantLoad
     104 boundaryLoad computeConstantLoad
     112 boundaryLoad computeConstantLoad
     116 boundaryLoad computeConstantLoad
     124 boundaryLoad computeConstantLoad
     128 boundaryLoad computeConstantLoad
     132 boundaryLoad computeConstantLoad
     135 boundaryLoad computeConstantLoad
     138 boundaryLoad computeConstantLoad
     139 boundaryLoad computeConstantLoad
     140 boundaryLoad computeConstantLoad
     141 boundaryLoad computeConstantLoad
     142 boundaryLoad computeConstantLoad
     143 boundaryLoad computeConstantLoad
STRUCTURE_CONTACT_NODES
       1 
       2 
       3 
       5 
       7 
      10 
      12 
      16 
      18 
      23 
      25 
      31 
      33 
      41 
      42 
      51 
      54 
      61 
      64 
      70 
      74 
      80 
      85 
      87 
      95 
      96 
     104 
     106 
     112 
     116 
     117 
     124 
     126 
     128 
     132 
     135 
     136 
     138 
     139 
     140 
     141 
     142 
     143 
%%%%%%%%%%%%%%%%%%%%%%%%%%%%%%%%%%%%%%%%%%%%%%%%%%%%%%%%%%%%%%%%%%%%%%%%%%%
%                                                                         %
%   Fluid Boundary Value Problem                                          %
%                                                                         %
%%%%%%%%%%%%%%%%%%%%%%%%%%%%%%%%%%%%%%%%%%%%%%%%%%%%%%%%%%%%%%%%%%%%%%%%%%%

FLUID_ANALYSIS
 ANALYSIS_TYPE,NAVIER_STOKES_2D

FLUID_MATERIAL_PROPERTIES

FLUID_NLINEAR_SCHEME
 NLINEAR_SCHEME,newtonRapshon
 NO_LOAD_STEPS,1
 TOLERANCE,1e-5
 MAX_ITERATIONS,10

FLUID_TRANSIENT_ANALYSIS
 SOLVER STEADY_STATE
 TIME_INTEGRATION BOSSAK
 ALPHA_BETA -0.1
 GAMMA 0.6
 START_TIME 0
 END_TIME 10
 NUMBER_OF_TIME_STEPS 1e3
 ADAPTIVE_TIME_STEPPING false
 
FLUID_INTEGRATION
 DOMAIN default
 domainNoGP 1
 boundaryNoGP 1
        
FLUID_ELEMENTS


FLUID_DIRICHLET_NODES

FLUID_DIRICHLET_ALE_NODES
FLUID_POST_PROC_NODES

FLUID_NODES

