%%%%%%%%%%%%%%%%%%%%%%%%%%%%%%%%%%%%%%%%%%%%%%%%%%%%%%%%%%%%%%%%%%%%%%%%%%%
%                                                                         %
%   License:        BSD License                                           %
%                   cane Multiphysics default license: cane/license.txt   %
%                                                                         %
%   Main authors:   Andreas Apostolatos                                   %
%                   Marko Leskovar                                        %
%                                                                         %
%%%%%%%%%%%%%%%%%%%%%%%%%%%%%%%%%%%%%%%%%%%%%%%%%%%%%%%%%%%%%%%%%%%%%%%%%%%

%%%%%%%%%%%%%%%%%%%%%%%%%%%%%%%%%%%%%%%%%%%%%%%%%%%%%%%%%%%%%%%%%%%%%%%%%%%
%                                                                         %
%   Matlab Input File                                                     %
%   _________________                                                     %
%                                                                         %
%   cane Multiphysics                                                     %
%                                                                         %
%%%%%%%%%%%%%%%%%%%%%%%%%%%%%%%%%%%%%%%%%%%%%%%%%%%%%%%%%%%%%%%%%%%%%%%%%%%

%%%%%%%%%%%%%%%%%%%%%%%%%%%%%%%%%%%%%%%%%%%%%%%%%%%%%%%%%%%%%%%%%%%%%%%%%%%
%                                                                         %
%   Structural Boundary Value Problem                                     %
%                                                                         %
%%%%%%%%%%%%%%%%%%%%%%%%%%%%%%%%%%%%%%%%%%%%%%%%%%%%%%%%%%%%%%%%%%%%%%%%%%%

STRUCTURE_ANALYSIS
 ANALYSIS_TYPE,planeStrain

STRUCTURE_MATERIAL_PROPERTIES
 DENSITY,1.0
 YOUNGS_MODULUS,1e5
 POISSON_RATIO,0.3
 THICKNESS,1.0

STRUCTURE_NLINEAR_SCHEME
 NLINEAR_SCHEME,NEWTON_RAPHSON
 NO_LOAD_STEPS,1
 TOLERANCE,1e-9
 MAX_ITERATIONS,100

STRUCTURE_TRANSIENT_ANALYSIS
 SOLVER STEADY_STATE
 TIME_INTEGRATION EXPLICIT_EULER
 ALPHA_BETA -0.1
 GAMMA 0.6
 START_TIME 0
 END_TIME 10
 NUMBER_OF_TIME_STEPS 100
 ADAPTIVE_TIME_STEPPING true
 
STRUCTURE_INTEGRATION
 DOMAIN default
 domainNoGP 1
 boundaryNoGP 1

STRUCTURE_NODES
       1   -5.00000    0.00000    0.00000 
       2   -4.99573    0.20662    0.00000 
       3   -4.78215    0.00000    0.00000 
       4   -4.74937    0.22792    0.00000 
       5   -4.98292    0.41290    0.00000 
       6   -4.54959    0.00000    0.00000 
       7   -4.75877    0.49354    0.00000 
       8   -4.96160    0.61846    0.00000 
       9   -4.42707    0.25448    0.00000 
      10   -4.30455    0.00000    0.00000 
      11   -4.73431    0.68977    0.00000 
      12   -4.45665    0.61566    0.00000 
      13   -4.93181    0.82297    0.00000 
      14   -4.17560    0.26785    0.00000 
      15   -4.70176    0.88483    0.00000 
      16   -4.04664    0.00000    0.00000 
      17   -4.89358    1.02608    0.00000 
      18   -3.93843    0.23686    0.00000 
      19   -4.06133    0.62068    0.00000 
      20   -4.66118    1.07837    0.00000 
      21   -4.39108    1.01839    0.00000 
      22   -3.77547    0.00000    0.00000 
      23   -4.84700    1.22743    0.00000 
      24   -4.61264    1.27008    0.00000 
      25   -3.63309    0.29575    0.00000 
      26   -4.79214    1.42668    0.00000 
      27   -3.49070    0.00000    0.00000 
      28   -4.55621    1.45961    0.00000 
      29   -3.76232    0.94742    0.00000 
      30   -3.95292    1.17684    0.00000 
      31   -3.50437    0.64897    0.00000 
      32   -4.29104    1.48227    0.00000 
      33   -4.72909    1.62350    0.00000 
      34   -3.34134    0.31022    0.00000 
      35   -4.51911    1.63688    0.00000 
      36   -3.19199    0.00000    0.00000 
      37   -4.65796    1.81754    0.00000 
      38   -3.56994    1.22556    0.00000 
      39   -3.84224    1.49925    0.00000 
      40   -3.37168    1.00229    0.00000 
      41   -3.20514    0.66361    0.00000 
      42   -4.42012    1.83087    0.00000 
      43   -3.03552    0.32499    0.00000 
      44   -4.57887    2.00848    0.00000 
      45   -4.08742    1.88617    0.00000 
      46   -4.34068    2.01197    0.00000 
      47   -2.87906    0.00000    0.00000 
      48   -3.49957    1.61366    0.00000 
      49   -2.89167    0.67853    0.00000 
      50   -3.21178    1.34393    0.00000 
      51   -2.97755    0.98582    0.00000 
      52   -4.49195    2.19598    0.00000 
      53   -2.71536    0.34001    0.00000 
      54   -4.25383    2.18963    0.00000 
      55   -3.67895    1.92810    0.00000 
      56   -2.55167    0.00000    0.00000 
      57   -4.39737    2.37974    0.00000 
      58   -4.16978    2.39054    0.00000 
      59   -2.55463    0.68956    0.00000 
      60   -3.84394    2.29049    0.00000 
      61   -3.28837    1.94253    0.00000 
      62   -2.38064    0.34641    0.00000 
      63   -4.29527    2.55943    0.00000 
      64   -4.08903    2.53484    0.00000 
      65   -3.45280    2.25582    0.00000 
      66   -2.20962    0.00000    0.00000 
      67   -2.89323    1.90140    0.00000 
      68   -2.34361    1.02826    0.00000 
      69   -4.18583    2.73474    0.00000 
      70   -2.49579    1.40395    0.00000 
      71   -3.95032    2.69898    0.00000 
      72   -2.15867    0.67464    0.00000 
      73   -3.06385    2.26016    0.00000 
      74   -3.63795    2.64948    0.00000 
      75   -2.03120    0.34641    0.00000 
      76   -4.06924    2.90538    0.00000 
      77   -3.25472    2.53325    0.00000 
      78   -3.83541    2.85992    0.00000 
      79   -1.85278    0.00000    0.00000 
      80   -2.45994    1.91604    0.00000 
      81   -2.09224    1.36591    0.00000 
      82   -1.93084    0.99997    0.00000 
      83   -2.66770    2.25778    0.00000 
      84   -3.94570    3.07106    0.00000 
      85   -3.71395    3.01598    0.00000 
      86   -1.77202    0.63593    0.00000 
      87   -3.41451    2.89194    0.00000 
      88   -1.66693    0.34641    0.00000 
      89   -2.87535    2.59516    0.00000 
      90   -3.81542    3.23150    0.00000 
      91   -3.12083    2.90609    0.00000 
      92   -3.58614    3.16688    0.00000 
      93   -2.06006    1.92529    0.00000 
      94   -1.48108    0.00000    0.00000 
      95   -2.26805    2.26694    0.00000 
      96   -1.69464    1.32257    0.00000 
      97   -1.53392    0.95647    0.00000 
      98   -3.38265    3.23302    0.00000 
      99   -2.47652    2.60804    0.00000 
     100   -3.67862    3.38641    0.00000 
     101   -1.28778    0.34641    0.00000 
     102   -2.72620    2.96527    0.00000 
     103   -3.53553    3.53553    0.00000 
     104   -2.15749    2.57037    0.00000 
     105   -3.31237    3.45220    0.00000 
     106   -1.67039    1.93257    0.00000 
     107   -1.86817    2.29419    0.00000 
     108   -2.99351    3.34327    0.00000 
     109   -1.09449    0.00000    0.00000 
     110   -1.44053    1.60824    0.00000 
     111   -1.21635    1.27728    0.00000 
     112   -3.38641    3.67862    0.00000 
     113   -3.19537    3.59045    0.00000 
     114   -2.59457    3.24352    0.00000 
     115   -2.25515    3.07396    0.00000 
     116   -0.88417    0.25110    0.00000 
     117   -0.98417    0.95669    0.00000 
     118   -1.77364    2.68275    0.00000 
     119   -3.23150    3.81542    0.00000 
     120   -1.27387    1.96084    0.00000 
     121   -3.01598    3.71395    0.00000 
     122   -1.48450    2.40696    0.00000 
     123   -1.04176    1.63602    0.00000 
     124   -0.75999    0.62673    0.00000 
     125   -0.69308    0.00000    0.00000 
     126   -2.67275    3.62617    0.00000 
     127   -0.82138    1.30344    0.00000 
     128   -3.07106    3.94570    0.00000 
     129   -2.85992    3.83541    0.00000 
     130   -2.25582    3.45280    0.00000 
     131   -1.97517    3.32916    0.00000 
     132   -0.50020    0.34641    0.00000 
     133   -0.58607    0.98208    0.00000 
     134   -1.67461    3.06855    0.00000 
     135   -1.39165    2.79559    0.00000 
     136   -2.69898    3.95032    0.00000 
     137   -2.90538    4.06924    0.00000 
     138   -0.87626    1.99679    0.00000 
     139   -0.65546    1.66695    0.00000 
     140   -1.08986    2.53371    0.00000 
     141   -0.37825    0.64543    0.00000 
     142   -0.30732    0.00000    0.00000 
     143   -2.29049    3.84394    0.00000 
     144   -2.73474    4.18583    0.00000 
     145   -0.42482    1.34066    0.00000 
     146   -2.53484    4.08903    0.00000 
     147   -1.60673    3.46052    0.00000 
     148   -1.87373    3.70693    0.00000 
     149   -1.32056    3.18227    0.00000 
     150   -0.12670    0.34641    0.00000 
     151   -0.21506    1.00812    0.00000 
     152   -0.70123    2.35625    0.00000 
     153   -2.39054    4.16978    0.00000 
     154   -2.55943    4.29527    0.00000 
     155   -1.01541    2.92629    0.00000 
     156   -0.47800    2.02456    0.00000 
     157   -0.71229    2.66546    0.00000 
     158   -0.24201    1.69596    0.00000 
     159    0.05392    0.00000    0.00000 
     160    0.01090    0.68083    0.00000 
     161   -2.18963    4.25383    0.00000 
     162   -2.37974    4.39737    0.00000 
     163   -0.02695    1.35920    0.00000 
     164   -1.22556    3.56994    0.00000 
     165   -1.49925    3.84224    0.00000 
     166   -1.85263    4.14315    0.00000 
     167    0.22262    0.34641    0.00000 
     168   -0.91248    3.32236    0.00000 
     169   -2.01197    4.34068    0.00000 
     170   -0.36057    2.52323    0.00000 
     171    0.19459    1.01601    0.00000 
     172   -2.19598    4.49195    0.00000 
     173   -0.05792    2.05105    0.00000 
     174   -0.59721    3.07627    0.00000 
     175    0.39132    0.00000    0.00000 
     176    0.15748    1.71403    0.00000 
     177   -1.85641    4.43345    0.00000 
     178    0.40670    0.68221    0.00000 
     179   -2.00848    4.57887    0.00000 
     180   -1.17684    3.95292    0.00000 
     181    0.54850    0.32648    0.00000 
     182   -0.25489    2.89923    0.00000 
     183    0.39154    1.36288    0.00000 
     184   -0.85756    3.71771    0.00000 
     185   -1.42248    4.28255    0.00000 
     186    0.09632    2.31473    0.00000 
     187   -1.64665    4.49200    0.00000 
     188   -1.81754    4.65796    0.00000 
     189   -0.54190    3.47237    0.00000 
     190   -0.02471    2.69598    0.00000 
     191    0.59008    1.01692    0.00000 
     192    0.70569    0.00000    0.00000 
     193    0.72633    0.66042    0.00000 
     194   -1.45961    4.55621    0.00000 
     195   -1.62350    4.72909    0.00000 
     196    0.85181    0.30351    0.00000 
     197   -0.82890    4.12786    0.00000 
     198   -1.05234    4.37872    0.00000 
     199    0.60803    1.84767    0.00000 
     200    0.48701    2.22892    0.00000 
     201   -1.27008    4.61264    0.00000 
     202    0.36598    2.61017    0.00000 
     203   -1.42668    4.79214    0.00000 
     204    0.83375    1.33272    0.00000 
     205    0.99793    0.00000    0.00000 
     206   -0.07953    3.44303    0.00000 
     207    0.24495    2.99142    0.00000 
     208    0.98179    0.96233    0.00000 
     209   -1.07837    4.66118    0.00000 
     210   -0.24311    3.80715    0.00000 
     211    1.13348    0.28155    0.00000 
     212   -1.22743    4.84700    0.00000 
     213   -0.40081    4.13621    0.00000 
     214   -0.65696    4.45374    0.00000 
     215    1.20835    0.55785    0.00000 
     216   -0.88483    4.70176    0.00000 
     217    0.99873    1.76186    0.00000 
     218    0.87769    2.14311    0.00000 
     219    1.26903    0.00000    0.00000 
     220    0.75666    2.52436    0.00000 
     221   -1.02608    4.89358    0.00000 
     222    0.35005    3.42202    0.00000 
     223    0.15169    3.76842    0.00000 
     224    1.39453    0.26067    0.00000 
     225   -0.68977    4.73431    0.00000 
     226   -0.82297    4.93181    0.00000 
     227   -0.00284    4.12281    0.00000 
     228    1.52003    0.00000    0.00000 
     229   -0.49354    4.75877    0.00000 
     230    0.90749    2.93611    0.00000 
     231    1.26838    2.05730    0.00000 
     232    1.38941    1.67607    0.00000 
     233   -0.19953    4.54136    0.00000 
     234    1.14735    2.43855    0.00000 
     235   -0.61846    4.96160    0.00000 
     236    1.51141    1.29554    0.00000 
     237    1.63601    0.24090    0.00000 
     238    0.80117    3.32167    0.00000 
     239    0.54839    3.76843    0.00000 
     240    1.64932    0.92668    0.00000 
     241   -0.27937    4.79830    0.00000 
     242    0.34008    4.10603    0.00000 
     243    1.72121    0.50980    0.00000 
     244    1.75199    0.00000    0.00000 
     245   -0.41290    4.98292    0.00000 
     246   -0.09888    4.78328    0.00000 
     247    1.85900    0.22226    0.00000 
     248    0.23672    4.49570    0.00000 
     249    1.29643    2.83608    0.00000 
     250   -0.20662    4.99573    0.00000 
     251    1.65903    1.97142    0.00000 
     252    1.77968    1.59015    0.00000 
     253    1.96600    0.00000    0.00000 
     254    1.18812    3.22109    0.00000 
     255    0.68138    4.06123    0.00000 
     256    0.09940    4.78206    0.00000 
     257    1.89556    1.20892    0.00000 
     258    2.06457    0.20474    0.00000 
     259    1.08224    3.60600    0.00000 
     260    0.00000    5.00000    0.00000 
     261    2.03539    0.83530    0.00000 
     262    1.70756    2.31166    0.00000 
     263    0.29821    4.77332    0.00000 
     264    2.12699    0.44606    0.00000 
     265    2.16314    0.00000    0.00000 
     266    0.61023    4.45857    0.00000 
     267    0.20777    4.99568    0.00000 
     268    1.01878    3.98794    0.00000 
     269    2.25381    0.18833    0.00000 
     270    0.49688    4.75632    0.00000 
     271    1.57557    3.12250    0.00000 
     272    2.34448    0.00000    0.00000 
     273    1.84466    2.68740    0.00000 
     274    1.46656    3.50716    0.00000 
     275    0.41563    4.98270    0.00000 
     276    2.28840    1.13951    0.00000 
     277    0.69503    4.73101    0.00000 
     278    0.98076    4.39043    0.00000 
     279    2.42778    0.17301    0.00000 
     280    1.34934    3.88628    0.00000 
     281    2.28734    1.57040    0.00000 
     282    2.42699    0.76871    0.00000 
     283    2.21011    1.96169    0.00000 
     284    2.10150    2.38087    0.00000 
     285    2.48350    0.39250    0.00000 
     286    0.62316    4.96101    0.00000 
     287    2.51107    0.00000    0.00000 
     288    0.89230    4.69738    0.00000 
     289    2.58750    0.15875    0.00000 
     290    1.98259    3.06250    0.00000 
     291    0.83001    4.93063    0.00000 
     292    1.67204    3.75651    0.00000 
     293    1.34527    4.29121    0.00000 
     294    2.66393    0.00000    0.00000 
     295    1.08833    4.65546    0.00000 
     296    2.73397    0.14549    0.00000 
     297    2.23826    2.75668    0.00000 
     298    2.67615    1.05980    0.00000 
     299    1.03578    4.89154    0.00000 
     300    2.74294    0.68251    0.00000 
     301    1.28277    4.60527    0.00000 
     302    2.78258    0.33723    0.00000 
     303    2.66593    1.45658    0.00000 
     304    2.58626    1.82911    0.00000 
     305    2.80402    0.00000    0.00000 
     306    1.98366    3.60003    0.00000 
     307    2.86816    0.13321    0.00000 
     308    1.70043    4.16124    0.00000 
     309    1.24010    4.84377    0.00000 
     310    2.51152    2.45886    0.00000 
     311    1.47525    4.54687    0.00000 
     312    2.93229    0.00000    0.00000 
     313    3.00307    0.10413    0.00000 
     314    2.37608    3.12626    0.00000 
     315    2.99996    0.57206    0.00000 
     316    1.44259    4.78737    0.00000 
     317    1.66541    4.48032    0.00000 
     318    3.04963    0.00000    0.00000 
     319    3.04902    0.30078    0.00000 
     320    2.92026    1.64588    0.00000 
     321    2.03813    4.00110    0.00000 
     322    3.10325    0.11137    0.00000 
     323    3.00934    1.25758    0.00000 
     324    2.62349    2.84144    0.00000 
     325    1.85290    4.40570    0.00000 
     326    2.85654    2.16133    0.00000 
     327    1.64288    4.72239    0.00000 
     328    3.15687    0.00000    0.00000 
     329    3.21594    0.08687    0.00000 
     330    3.17920    0.92515    0.00000 
     331    3.25481    0.00000    0.00000 
     332    2.03735    4.32311    0.00000 
     333    3.26528    0.23016    0.00000 
     334    1.84059    4.64890    0.00000 
     335    3.29950    0.09282    0.00000 
     336    2.89767    2.55783    0.00000 
     337    2.41492    3.75767    0.00000 
     338    3.32086    0.61727    0.00000 
     339    3.34419    0.00000    0.00000 
     340    2.75303    3.11081    0.00000 
     341    2.21842    4.23266    0.00000 
     342    3.38494    0.08466    0.00000 
     343    2.03533    4.56699    0.00000 
     344    3.41284    0.16815    0.00000 
     345    3.42570    0.00000    0.00000 
     346    3.21623    1.91435    0.00000 
     347    3.29938    1.52351    0.00000 
     348    3.36196    1.13502    0.00000 
     349    3.43723    0.42369    0.00000 
     350    3.46836    0.07368    0.00000 
     351    2.39575    4.13448    0.00000 
     352    3.50000    0.00000    0.00000 
     353    2.22674    4.47679    0.00000 
     354    3.50422    0.27309    0.00000 
     355    3.51405    0.12615    0.00000 
     356    3.01046    2.91799    0.00000 
     357    3.21850    2.32832    0.00000 
     358    3.50362    0.82714    0.00000 
     359    3.54569    0.05247    0.00000 
     360    3.53213    0.50710    0.00000 
     361    2.80393    3.49755    0.00000 
     362    3.57143    0.00000    0.00000 
     363    3.57043    0.17853    0.00000 
     364    2.56901    4.02873    0.00000 
     365    3.59138    0.10493    0.00000 
     366    3.59560    0.37802    0.00000 
     367    3.60543    0.23108    0.00000 
     368    2.41445    4.37841    0.00000 
     369    3.63707    0.15740    0.00000 
     370    3.64286    0.00000    0.00000 
     371    3.61999    0.63355    0.00000 
     372    3.66181    0.28346    0.00000 
     373    3.66995    0.08065    0.00000 
     374    2.73785    3.91556    0.00000 
     375    3.23733    2.72234    0.00000 
     376    3.68276    0.20987    0.00000 
     377    3.68698    0.48295    0.00000 
     378    3.69681    0.33602    0.00000 
     379    3.70563    0.14382    0.00000 
     380    3.71429    0.00000    0.00000 
     381    2.59809    4.27199    0.00000 
     382    3.72850    0.07778    0.00000 
     383    3.72845    0.26233    0.00000 
     384    3.07829    3.32857    0.00000 
     385    3.62435    1.41762    0.00000 
     386    3.71137    0.73848    0.00000 
     387    3.68638    1.03700    0.00000 
     388    3.75132    0.19629    0.00000 
     389    3.75319    0.38840    0.00000 
     390    3.77435    0.13064    0.00000 
     391    3.77414    0.31480    0.00000 
     392    3.78571    0.00000    0.00000 
     393    3.79651    0.06429    0.00000 
     394    3.77836    0.58789    0.00000 
     395    3.79701    0.24875    0.00000 
     396    2.93473    3.80798    0.00000 
     397    3.79188    0.43035    0.00000 
     398    3.57724    2.04986    0.00000 
     399    2.77731    4.15771    0.00000 
     400    3.81988    0.18271    0.00000 
     401    3.81983    0.36726    0.00000 
     402    3.84275    0.11677    0.00000 
     403    3.83388    0.49342    0.00000 
     404    3.84270    0.30122    0.00000 
     405    3.85714    0.00000    0.00000 
     406    3.06183    3.68258    0.00000 
     407    3.82455    0.84288    0.00000 
     408    3.86520    0.23496    0.00000 
     409    3.86552    0.41973    0.00000 
     410    3.88859    0.16960    0.00000 
     411    3.88839    0.35369    0.00000 
     412    3.86974    0.69282    0.00000 
     413    3.88112    0.53530    0.00000 
     414    3.33453    3.11644    0.00000 
     415    3.90884    0.08857    0.00000 
     416    3.91126    0.28764    0.00000 
     417    2.95175    4.03574    0.00000 
     418    3.91121    0.47220    0.00000 
     419    3.92857    0.00000    0.00000 
     420    3.93369    0.22138    0.00000 
     421    3.93408    0.40615    0.00000 
     422    3.92526    0.59835    0.00000 
     423    3.21070    3.56416    0.00000 
     424    3.63497    2.36079    0.00000 
     425    3.95686    0.15568    0.00000 
     426    3.95658    0.33990    0.00000 
     427    3.95690    0.52466    0.00000 
     428    3.97788    0.07699    0.00000 
     429    3.81089    1.74852    0.00000 
     430    3.97972    0.27405    0.00000 
     431    3.97977    0.45862    0.00000 
     432    3.97250    0.64024    0.00000 
     433    3.96112    0.79775    0.00000 
     434    4.00000    0.00000    0.00000 
     435    4.00215    0.20779    0.00000 
     436    3.11829    3.90848    0.00000 
     437    4.00264    0.39257    0.00000 
     438    3.96470    0.96150    0.00000 
     439    4.00259    0.57713    0.00000 
     440    4.02526    0.14197    0.00000 
     441    4.02506    0.32632    0.00000 
     442    3.34976    3.44469    0.00000 
     443    4.02546    0.51109    0.00000 
     444    4.01663    0.70328    0.00000 
     445    4.04777    0.07571    0.00000 
     446    4.04818    0.26046    0.00000 
     447    3.58653    2.87132    0.00000 
     448    4.04796    0.44483    0.00000 
     449    4.04828    0.62960    0.00000 
     450    4.07143    0.00000    0.00000 
     451    4.07090    0.19496    0.00000 
     452    4.07110    0.37898    0.00000 
     453    4.07115    0.56355    0.00000 
     454    4.06232    0.75575    0.00000 
     455    4.09336    0.12870    0.00000 
     456    3.27364    3.77933    0.00000 
     457    4.09382    0.31347    0.00000 
     458    4.09402    0.49751    0.00000 
     459    3.47939    3.32487    0.00000 
     460    4.00621    1.40427    0.00000 
     461    4.11902    0.06501    0.00000 
     462    4.09397    0.68206    0.00000 
     463    4.11653    0.24737    0.00000 
     464    4.08140    0.87620    0.00000 
     465    4.11673    0.43200    0.00000 
     466    4.05696    1.15725    0.00000 
     467    4.11684    0.61602    0.00000 
     468    4.13943    0.18135    0.00000 
     469    4.14286    0.00000    0.00000 
     470    4.10801    0.80821    0.00000 
     471    4.13794    0.36555    0.00000 
     472    4.13987    0.55037    0.00000 
     473    4.16587    0.11659    0.00000 
     474    4.16214    0.30033    0.00000 
     475    4.13966    0.73453    0.00000 
     476    4.17432    0.05742    0.00000 
     477    4.16203    0.48402    0.00000 
     478    3.41814    3.64915    0.00000 
     479    3.59996    3.20534    0.00000 
     480    4.18156    0.23632    0.00000 
     481    3.95810    2.03123    0.00000 
     482    4.16253    0.66848    0.00000 
     483    4.18424    0.41772    0.00000 
     484    4.15526    0.85010    0.00000 
     485    4.18540    0.60244    0.00000 
     486    4.20861    0.17196    0.00000 
     487    4.20688    0.35403    0.00000 
     488    4.21429    0.00000    0.00000 
     489    4.18535    0.78700    0.00000 
     490    4.20827    0.53650    0.00000 
     491    3.81773    2.70978    0.00000 
     492    4.23153    0.08496    0.00000 
     493    4.22900    0.28766    0.00000 
     494    4.20822    0.72095    0.00000 
     495    4.23036    0.47028    0.00000 
     496    4.19939    0.91315    0.00000 
     497    3.55224    3.51875    0.00000 
     498    4.18957    1.06008    0.00000 
     499    4.24981    0.22122    0.00000 
     500    4.23072    0.65470    0.00000 
     501    4.25268    0.40617    0.00000 
     502    3.73799    3.08779    0.00000 
     503    4.23104    0.83946    0.00000 
     504    4.25411    0.58933    0.00000 
     505    4.27571    0.15769    0.00000 
     506    4.27532    0.34009    0.00000 
     507    4.28571    0.00000    0.00000 
     508    4.25391    0.77342    0.00000 
     509    3.95753    2.46279    0.00000 
     510    4.27614    0.52297    0.00000 
     511    4.29622    0.09107    0.00000 
     512    4.29597    0.27334    0.00000 
     513    3.81561    2.96937    0.00000 
     514    4.27678    0.70737    0.00000 
     515    4.25578    0.96553    0.00000 
     516    4.21395    1.31561    0.00000 
     517    4.29901    0.45687    0.00000 
     518    3.67638    3.38884    0.00000 
     519    4.27673    0.89193    0.00000 
     520    4.31828    0.20709    0.00000 
     521    4.29926    0.64115    0.00000 
     522    4.32060    0.39063    0.00000 
     523    4.29960    0.82588    0.00000 
     524    4.32239    0.57541    0.00000 
     525    4.34292    0.14282    0.00000 
     526    4.34311    0.32491    0.00000 
     527    4.29447    1.00748    0.00000 
     528    4.32187    0.75960    0.00000 
     529    4.28095    1.16502    0.00000 
     530    4.35714    0.00000    0.00000 
     531    3.91156    2.85388    0.00000 
     532    4.34566    0.50903    0.00000 
     533    4.36458    0.07633    0.00000 
     534    4.20629    1.73077    0.00000 
     535    4.36428    0.25822    0.00000 
     536    4.32242    0.94440    0.00000 
     537    4.34521    0.69387    0.00000 
     538    3.79106    3.26004    0.00000 
     539    4.36744    0.44253    0.00000 
     540    4.34529    0.87835    0.00000 
     541    4.36801    0.62840    0.00000 
     542    4.38720    0.19666    0.00000 
     543    4.38920    0.37741    0.00000 
     544    4.33646    1.07055    0.00000 
     545    4.36794    0.81220    0.00000 
     546    4.39114    0.56235    0.00000 
     547    4.00018    2.74056    0.00000 
     548    4.41188    0.13123    0.00000 
     549    4.41172    0.31117    0.00000 
     550    4.39067    0.74702    0.00000 
     551    4.36811    0.99686    0.00000 
     552    4.13716    2.30586    0.00000 
     553    4.41324    0.49536    0.00000 
     554    4.42857    0.00000    0.00000 
     555    3.89678    3.13290    0.00000 
     556    4.43419    0.06504    0.00000 
     557    4.43255    0.24859    0.00000 
     558    4.38995    0.93059    0.00000 
     559    4.41401    0.68105    0.00000 
     560    4.43582    0.42919    0.00000 
     561    4.38215    1.12301    0.00000 
     562    4.41370    0.86507    0.00000 
     563    4.34279    1.46496    0.00000 
     564    4.45554    0.18275    0.00000 
     565    4.43746    0.61428    0.00000 
     566    4.37233    1.26995    0.00000 
     567    4.45756    0.36274    0.00000 
     568    4.23346    2.08833    0.00000 
     569    4.43655    0.79957    0.00000 
     570    4.41380    1.04933    0.00000 
     571    4.45790    0.54777    0.00000 
     572    4.10413    2.62805    0.00000 
     573    4.47996    0.11780    0.00000 
     574    3.99406    3.00790    0.00000 
     575    4.47965    0.29903    0.00000 
     576    4.43586    0.98315    0.00000 
     577    4.45927    0.73343    0.00000 
     578    4.47710    0.48164    0.00000 
     579    4.15722    2.52166    0.00000 
     580    4.50000    0.00000    0.00000 
     581    4.50041    0.23244    0.00000 
     582    4.45882    0.91849    0.00000 
     583    4.50320    0.05206    0.00000 
     584    4.48587    0.66230    0.00000 
     585    4.50221    0.41645    0.00000 
     586    4.43885    1.17328    0.00000 
     587    4.49685    0.59500    0.00000 
     588    4.48257    0.85266    0.00000 
     589    4.45949    1.10179    0.00000 
     590    4.52449    0.17161    0.00000 
     591    4.08341    2.88544    0.00000 
     592    4.52588    0.35074    0.00000 
     593    4.50524    0.78620    0.00000 
     594    4.22650    2.41656    0.00000 
     595    4.48151    1.03589    0.00000 
     596    4.52572    0.53160    0.00000 
     597    4.54779    0.10567    0.00000 
     598    4.54796    0.28448    0.00000 
     599    4.47509    1.21737    0.00000 
     600    4.50469    0.97093    0.00000 
     601    4.52797    0.71999    0.00000 
     602    4.54603    0.47030    0.00000 
     603    4.54375    0.65116    0.00000 
     604    4.37097    1.94450    0.00000 
     605    4.57143    0.00000    0.00000 
     606    4.56882    0.22434    0.00000 
     607    4.52873    0.90530    0.00000 
     608    4.16534    2.76585    0.00000 
     609    4.29018    2.31459    0.00000 
     610    4.50518    1.15426    0.00000 
     611    4.56887    0.40474    0.00000 
     612    4.56608    0.58715    0.00000 
     613    4.55091    0.83126    0.00000 
     614    4.52620    1.08910    0.00000 
     615    4.55803    0.76566    0.00000 
     616    4.59306    0.15897    0.00000 
     617    4.59085    0.33932    0.00000 
     618    4.43582    1.75848    0.00000 
     619    4.57656    0.70066    0.00000 
     620    4.58957    0.52263    0.00000 
     621    4.51922    1.28041    0.00000 
     622    4.55027    1.02350    0.00000 
     623    4.50371    1.41103    0.00000 
     624    4.24035    2.64941    0.00000 
     625    4.61600    0.08069    0.00000 
     626    4.61567    0.27427    0.00000 
     627    4.57327    0.95916    0.00000 
     628    4.36705    2.21267    0.00000 
     629    4.61469    0.45746    0.00000 
     630    4.55087    1.20673    0.00000 
     631    4.60916    0.64188    0.00000 
     632    4.56791    1.14340    0.00000 
     633    4.40228    2.12056    0.00000 
     634    4.63645    0.20783    0.00000 
     635    4.64286    0.00000    0.00000 
     636    4.63732    0.39134    0.00000 
     637    4.30894    2.53635    0.00000 
     638    4.51533    1.61141    0.00000 
     639    4.63389    0.57677    0.00000 
     640    4.61101    0.88030    0.00000 
     641    4.59513    1.07932    0.00000 
     642    4.56491    1.33288    0.00000 
     643    4.62918    0.78246    0.00000 
     644    4.66008    0.14314    0.00000 
     645    4.65990    0.32840    0.00000 
     646    4.61274    1.01494    0.00000 
     647    4.45146    2.02865    0.00000 
     648    4.64587    0.70068    0.00000 
     649    4.65849    0.51127    0.00000 
     650    4.59656    1.25919    0.00000 
     651    4.37156    2.42683    0.00000 
     652    4.68079    0.07635    0.00000 
     653    4.68392    0.25915    0.00000 
     654    4.64249    0.95204    0.00000 
     655    4.61687    1.19298    0.00000 
     656    4.68113    0.44569    0.00000 
     657    4.49650    1.94018    0.00000 
     658    4.67894    0.63917    0.00000 
     659    4.63561    1.12686    0.00000 
     660    4.70521    0.19629    0.00000 
     661    4.65023    1.07016    0.00000 
     662    4.61060    1.38534    0.00000 
     663    4.42866    2.32098    0.00000 
     664    4.70567    0.38034    0.00000 
     665    4.69724    0.57407    0.00000 
     666    4.71429    0.00000    0.00000 
     667    4.67310    0.90067    0.00000 
     668    4.67939    0.83121    0.00000 
     669    4.60492    1.49276    0.00000 
     670    4.69652    0.76342    0.00000 
     671    4.72886    0.13048    0.00000 
     672    4.55275    1.85128    0.00000 
     673    4.64225    1.31166    0.00000 
     674    4.72846    0.31286    0.00000 
     675    4.68164    1.00850    0.00000 
     676    4.48069    2.21888    0.00000 
     677    4.57550    1.77362    0.00000 
     678    4.72711    0.49827    0.00000 
     679    4.66211    1.24543    0.00000 
     680    4.71840    0.69535    0.00000 
     681    4.74952    0.06379    0.00000 
     682    4.68015    1.17919    0.00000 
     683    4.75198    0.24717    0.00000 
     684    4.71189    0.94573    0.00000 
     685    4.73787    0.62813    0.00000 
     686    4.75016    0.43433    0.00000 
     687    4.52804    2.12059    0.00000 
     688    4.65629    1.43781    0.00000 
     689    4.70404    1.11373    0.00000 
     690    4.73004    0.87906    0.00000 
     691    4.62350    1.69147    0.00000 
     692    4.71578    1.04786    0.00000 
     693    4.77322    0.18070    0.00000 
     694    4.64162    1.62069    0.00000 
     695    4.77279    0.36812    0.00000 
     696    4.74647    0.81235    0.00000 
     697    4.57109    2.02612    0.00000 
     698    4.68794    1.36413    0.00000 
     699    4.78571    0.00000    0.00000 
     700    4.77135    0.55236    0.00000 
     701    4.70728    1.29777    0.00000 
     702    4.74450    0.98846    0.00000 
     703    4.76705    0.74553    0.00000 
     704    4.79647    0.11545    0.00000 
     705    4.79729    0.30045    0.00000 
     706    4.72496    1.23121    0.00000 
     707    4.61020    1.93548    0.00000 
     708    4.79567    0.48685    0.00000 
     709    4.78627    0.67866    0.00000 
     710    4.80966    0.05498    0.00000 
     711    4.70198    1.49028    0.00000 
     712    4.74849    1.16564    0.00000 
     713    4.75878    1.09912    0.00000 
     714    4.77638    0.93031    0.00000 
     715    4.64570    1.84863    0.00000 
     716    4.82034    0.23239    0.00000 
     717    4.80682    0.61177    0.00000 
     718    4.81873    0.42089    0.00000 
     719    4.79271    0.86316    0.00000 
     720    4.73363    1.41659    0.00000 
     721    4.67792    1.76552    0.00000 
     722    4.84195    0.16843    0.00000 
     723    4.78957    1.04296    0.00000 
     724    4.75277    1.34981    0.00000 
     725    4.81442    0.79695    0.00000 
     726    4.84418    0.35234    0.00000 
     727    4.70713    1.68609    0.00000 
     728    4.77084    1.28257    0.00000 
     729    4.84034    0.54070    0.00000 
     730    4.85714    0.00000    0.00000 
     731    4.85945    0.09565    0.00000 
     732    4.83349    0.72977    0.00000 
     733    4.73361    1.61027    0.00000 
     734    4.79310    1.21650    0.00000 
     735    4.86545    0.28572    0.00000 
     736    4.80447    1.14856    0.00000 
     737    4.82324    0.98656    0.00000 
     738    4.86442    0.47388    0.00000 
     739    4.75759    1.53796    0.00000 
     740    4.82109    1.09310    0.00000 
     741    4.84045    0.91312    0.00000 
     742    4.77932    1.46906    0.00000 
     743    4.86842    0.66022    0.00000 
     744    4.88858    0.21981    0.00000 
     745    4.88748    0.40780    0.00000 
     746    4.86040    0.84625    0.00000 
     747    4.79970    1.40104    0.00000 
     748    4.81911    1.33275    0.00000 
     749    4.89194    0.59218    0.00000 
     750    4.88174    0.78026    0.00000 
     751    4.91257    0.33747    0.00000 
     752    4.83755    1.26418    0.00000 
     753    4.91815    0.15264    0.00000 
     754    4.90909    0.53630    0.00000 
     755    4.92547    0.07700    0.00000 
     756    4.85501    1.19536    0.00000 
     757    4.92857    0.00000    0.00000 
     758    4.92364    0.46794    0.00000 
     759    4.87149    1.12630    0.00000 
     760    4.93422    0.27284    0.00000 
     761    4.88700    1.05701    0.00000 
     762    4.90151    0.98751    0.00000 
     763    4.91504    0.91780    0.00000 
     764    4.92758    0.84792    0.00000 
     765    4.93912    0.77786    0.00000 
     766    4.94967    0.70765    0.00000 
     767    4.95922    0.63729    0.00000 
     768    4.96777    0.56680    0.00000 
     769    4.97532    0.49620    0.00000 
     770    4.98186    0.42550    0.00000 
     771    4.98740    0.35472    0.00000 
     772    4.99194    0.28386    0.00000 
     773    4.99546    0.21294    0.00000 
     774    4.99798    0.14199    0.00000 
     775    4.99950    0.07100    0.00000 
     776    5.00000    0.00000    0.00000 
STRUCTURE_ELEMENTS
       1    352   359     350
       2    409   418     403
       3    503   519     496
       4    650   673     642
       5    376   383     372
       6    449   462     444
       7    570   589     561
       8    365   369     363
       9    427   439     422
      10    536   551     527
      11    698   720     688
      12    391   401     389
      13    475   489     470
      14    610   630     599
      15    359   365     355
      16    418   427     413
      17    519   536     515
      18    673   698     662
      19    383   391     378
      20    462   475     454
      21    589   610     586
      22    369   376     367
      23    439   449     432
      24    551   570     544
      25    720   742     711
      26    401   409     397
      27    489   503     484
      28    630   650     621
      29    345   352     350
      30    742   739     711
      31    711   739     733
      32    350   359     355
      33    350   355     344
      34    422   439     432
      35    422   432     412
      36    515   536     527
      37    515   527     498
      38    372   383     378
      39    372   378     366
      40    470   489     484
      41    470   484     464
      42    586   610     599
      43    586   599     566
      44    496   519     515
      45    496   515     498
      46    688   720     711
      47    688   711     669
      48    378   391     389
      49    378   377     366
      50    484   503     496
      51    484   496     464
      52    561   589     586
      53    561   586     566
      54    355   365     363
      55    355   354     344
      56    432   449     444
      57    432   444     412
      58    403   418     413
      59    403   413     394
      60    527   551     544
      61    527   544     498
      62    662   698     688
      63    662   688     669
      64    397   409     403
      65    397   403     377
      66    444   462     454
      67    444   454     433
      68    599   630     621
      69    599   621     566
      70    367   376     372
      71    367   372     366
      72    642   673     662
      73    642   662     623
      74    389   401     397
      75    389   397     377
      76    454   475     470
      77    454   470     464
      78    621   650     642
      79    621   642     623
      80    363   369     367
      81    363   367     354
      82    413   427     422
      83    413   422     394
      84    544   570     561
      85    544   561     529
      86    733   727     694
      87    339   345     342
      88    727   721     691
      89    345   350     342
      90    342   350     344
      91    331   339     335
      92    721   715     677
      93    342   344     335
      94    342   335     339
      95    694   727     691
      96    694   691     638
      97    733   694     711
      98    715   707     672
      99    328   331     329
     100    707   697     657
     101    691   721     677
     102    691   677     638
     103    331   335     329
     104    329   335     333
     105    677   715     672
     106    677   672     618
     107    697   687     647
     108    318   328     322
     109    672   707     657
     110    672   657     618
     111    687   676     633
     112    433   454     464
     113    444   433     412
     114    363   354     355
     115    623   662     669
     116    389   377     378
     117    529   561     566
     118    669   711     694
     119    669   694     638
     120    354   367     366
     121    422   412     394
     122    377   403     394
     123    544   529     498
     124    328   329     322
     125    322   329     333
     126    657   697     647
     127    657   647     604
     128    312   318     313
     129    676   663     628
     130    669   638     623
     131    663   651     609
     132    647   687     633
     133    647   633     604
     134    318   322     313
     135    313   322     319
     136    651   637     594
     137    633   676     628
     138    633   628     568
     139    305   312     307
     140    637   624     579
     141    628   663     609
     142    628   609     568
     143    335   344     333
     144    312   313     307
     145    307   313     319
     146    624   608     572
     147    609   651     594
     148    609   594     552
     149    433   464     438
     150    366   377     360
     151    377   394     371
     152    344   354     333
     153    354   366     349
     154    412   433     407
     155    529   566     516
     156    498   529     466
     157    394   412     386
     158    294   305     296
     159    677   618     638
     160    608   591     547
     161    594   637     579
     162    594   579     552
     163    496   498     464
     164    621   623     566
     165    305   307     296
     166    296   307     302
     167    287   294     289
     168    591   574     531
     169    579   624     572
     170    579   572     509
     171    657   604     618
     172    574   555     513
     173    572   608     547
     174    572   547     509
     175    294   296     289
     176    289   296     302
     177    438   498     466
     178    371   394     386
     179    371   386     358
     180    407   433     438
     181    407   438     387
     182    466   529     516
     183    466   516     460
     184    360   377     371
     185    360   371     338
     186    349   366     360
     187    349   360     338
     188    516   566     563
     189    386   412     407
     190    386   407     387
     191    498   438     464
     192    354   349     333
     193    555   538     502
     194    272   287     279
     195    547   591     531
     196    547   531     491
     197    319   322     333
     198    638   618     563
     199    538   518     479
     200    633   568     604
     201    287   289     279
     202    279   289     285
     203    531   574     513
     204    531   513     491
     205    265   272     269
     206    518   497     459
     207    513   555     502
     208    513   502     447
     209    623   638     563
     210    623   563     566
     211    618   604     534
     212    497   478     442
     213    609   552     568
     214    502   538     479
     215    502   479     447
     216    478   456     423
     217    272   279     269
     218    269   279     285
     219    253   265     258
     220    516   563     460
     221    479   518     459
     222    479   459     414
     223    456   436     406
     224    302   307     319
     225    604   568     534
     226    260   250     246
     227    128   119     121
     228     23    17      20
     229    195   188     187
     230     69    63      64
     231    226   221     216
     232    100    90      92
     233      5     2       4
     234    162   154     153
     235     44    37      42
     236    245   235     229
     237    112   103     105
     238     13     8      11
     239    179   172     169
     240     57    52      54
     241    212   203     201
     242    144   137     136
     243     84    76      78
     244     33    26      28
     245    250   245     241
     246    119   112     113
     247     17    13      15
     248    188   179     177
     249     63    57      58
     250    221   212     209
     251     90    84      85
     252      2     1       3
     253    154   144     146
     254     37    33      35
     255    235   226     225
     256    103   100      98
     257      8     5       7
     258    172   162     161
     259     52    44      46
     260    203   195     194
     261    137   128     129
     262     76    69      71
     263     26    23      24
     264    459   497     442
     265    459   442     414
     266    267   260     256
     267    579   509     552
     268    286   275     270
     269    275   267     263
     270    319   333     338
     271    291   286     277
     272    265   269     258
     273    258   269     264
     274    436   417     396
     275    299   291     288
     276    316   309     301
     277    309   299     295
     278    343   334     325
     279    334   327     317
     280    327   316     311
     281    368   353     341
     282    353   343     332
     283    417   399     374
     284    399   381     364
     285    381   368     351
     286    244   253     247
     287    442   478     423
     288    442   423     384
     289    568   552     481
     290    423   456     406
     291    423   406     384
     292    358   386     387
     293    387   466     460
     294    349   338     333
     295    466   387     438
     296    338   371     358
     297    547   491     509
     298    253   258     247
     299    247   258     264
     300    228   244     237
     301    618   534     563
     302      3     6       4
     303    406   436     396
     304    406   396     361
     305    246   250     241
     306    246   241     233
     307    136   137     129
     308    136   129     126
     309     46    44      42
     310     46    42      45
     311    153   154     146
     312    153   146     143
     313    209   212     201
     314    209   201     198
     315     64    63      58
     316     64    58      60
     317    113   112     105
     318    113   105     108
     319     24    23      20
     320     24    20      21
     321     11     8       7
     322     11     7      12
     323    225   226     216
     324    225   216     214
     325     20    17      15
     326     20    15      21
     327     28    26      24
     328     28    24      32
     329    129   128     121
     330    129   121     126
     331    229   235     225
     332    229   225     214
     333    146   144     136
     334    146   136     143
     335     92    90      85
     336     92    85      87
     337     54    52      46
     338     54    46      45
     339    177   179     169
     340    177   169     166
     341      7     5       4
     342      7     9      12
     343    121   119     113
     344    121   113     108
     345     78    76      71
     346     78    71      74
     347    194   195     187
     348    194   187     185
     349     42    37      35
     350     42    32      45
     351     85    84      78
     352     85    74      87
     353    216   221     209
     354    216   209     198
     355    169   172     161
     356    169   161     166
     357     15    13      11
     358     15    11      12
     359     98   100      92
     360     98    92      87
     361    187   188     177
     362    187   166     185
     363    241   245     229
     364    241   229     233
     365     71    69      64
     366     71    64      60
     367    105   103      98
     368    105    98     108
     369     35    33      28
     370     35    28      32
     371      4     2       3
     372    201   203     194
     373    201   194     185
     374     58    57      54
     375     58    54      60
     376    161   162     153
     377    161   153     143
     378    260   246     256
     379    256   246     233
     380    267   256     263
     381    263   256     248
     382    270   275     263
     383    270   263     248
     384    286   270     277
     385    277   270     266
     386    291   277     288
     387    288   277     266
     388    299   288     295
     389    295   288     278
     390    396   417     374
     391    396   374     361
     392    285   289     302
     393    309   295     301
     394    301   295     278
     395    316   301     311
     396    311   301     293
     397    552   509     481
     398    327   311     317
     399    317   311     293
     400    325   334     317
     401    325   317     308
     402    343   325     332
     403    332   325     308
     404    341   353     332
     405    341   332     321
     406    368   341     351
     407    351   341     321
     408    381   351     364
     409    364   351     337
     410      6    10       9
     411    399   364     374
     412    374   364     337
     413    244   247     237
     414    237   247     243
     415    219   228     224
     416    513   447     491
     417    302   319     315
     418     10    16      14
     419    509   491     424
     420    228   237     224
     421    224   237     243
     422     16    22      18
     423    205   219     211
     424    479   414     447
     425    358   387     348
     426    338   358     330
     427     22    27      25
     428    568   481     534
     429      9    10      14
     430      9    14      12
     431      6     9       4
     432    264   269     285
     433    219   224     211
     434    211   224     215
     435    491   447     424
     436    192   205     196
     437    442   384     414
     438     27    36      34
     439    285   302     300
     440     14    16      18
     441     14    18      19
     442    563   534     460
     443      9     7       4
     444    315   319     338
     445    302   315     300
     446    300   315     330
     447    447   414     375
     448     18    22      25
     449     18    25      19
     450    205   211     196
     451    196   211     215
     452     36    47      43
     453    175   192     181
     454    406   361     384
     455    315   338     330
     456    198   201     185
     457     74    71      60
     458     32    24      21
     459    214   216     198
     460     35    32      42
     461    177   166     187
     462     78    74      85
     463    136   126     143
     464     47    56      53
     465    248   256     233
     466    266   270     248
     467    278   288     266
     468    293   301     278
     469     25    27      34
     470     25    34      31
     471    308   317     293
     472    321   332     308
     473    337   351     321
     474    159   175     167
     475    192   196     181
     476    181   196     193
     477    414   384     356
     478    509   424     481
     479    243   247     264
     480    348   387     385
     481    358   348     330
     482    330   348     323
     483     56    66      62
     484     34    36      43
     485     34    43      41
     486     66    79      75
     487    264   285     282
     488    384   361     340
     489    142   159     150
     490    285   300     282
     491    282   300     298
     492     43    47      53
     493     43    53      49
     494    175   181     167
     495    167   181     178
     496    198   185     180
     497     32    21      30
     498     45    32      39
     499     87    74      77
     500     74    60      65
     501    214   198     197
     502    185   166     165
     503    143   126     130
     504    215   224     243
     505     14    19      12
     506    248   233     227
     507     79    94      88
     508    266   248     242
     509    278   266     255
     510    323   348     347
     511    330   323     298
     512    293   278     268
     513     31    34      41
     514     31    41      40
     515     25    31      19
     516    308   293     280
     517     53    56      62
     518     53    62      59
     519    321   308     292
     520     40    41      51
     521     31    40      29
     522    337   321     306
     523    193   196     215
     524    181   193     178
     525    178   193     191
     526     41    43      49
     527     41    49      51
     528     51    49      59
     529     59    49      53
     530    375   414     356
     531    375   356     336
     532    336   356     324
     533    375   336     357
     534    447   375     424
     535    191   193     208
     536    178   191     171
     537    460   534     429
     538    167   178     160
     539    298   300     330
     540    282   298     276
     541    356   384     340
     542    356   340     324
     543    324   340     314
     544    314   340     361
     545    324   314     297
     546     12    19      21
     547     59    62      72
     548    159   167     150
     549    150   167     160
     550    150   160     141
     551    125   142     132
     552    385   387     460
     553    385   460     429
     554    385   429     347
     555    385   347     348
     556     94   109     101
     557     62    66      75
     558     62    75      72
     559     72    75      86
     560    298   323     303
     561    264   282     261
     562     86    75      88
     563     86    88     101
     564     88    75      79
     565    101    88      94
     566     72    86      82
     567    534   481     429
     568    429   481     398
     569    398   481     424
     570    398   424     357
     571    429   398     347
     572    142   150     132
     573    132   150     141
     574    132   141     124
     575    124   141     133
     576    132   124     116
     577    141   160     151
     578    180   185     165
     579    180   165     164
     580    164   165     147
     581    180   164     184
     582     65    60      55
     583    227   233     213
     584     39    32      30
     585     39    30      38
     586     38    30      29
     587     29    30      19
     588     38    29      40
     589     38    40      50
     590     50    40      51
     591     38    50      48
     592     39    38      48
     593     39    48      55
     594     55    48      61
     595     61    48      50
     596     55    61      65
     597     65    61      73
     598     73    61      67
     599     65    73      77
     600     77    73      89
     601     65    77      74
     602     89    73      83
     603     77    89      91
     604    165   166     148
     605     30    21      19
     606    197   198     180
     607    197   180     184
     608    197   184     213
     609    130   126     114
     610    248   227     242
     611    242   227     223
     612    223   227     210
     613    242   223     239
     614     45    39      55
     615     87    77      91
     616     87    91      98
     617    214   197     213
     618    143   130     148
     619    266   242     255
     620    255   242     239
     621    255   239     268
     622    255   268     278
     623    323   347     320
     624    293   268     280
     625    280   268     259
     626    259   268     239
     627    280   259     274
     628    308   280     292
     629    292   280     274
     630    292   274     306
     631    292   306     321
     632    375   357     424
     633    297   314     290
     634    336   324     310
     635     31    29      19
     636    324   297     310
     637    357   336     326
     638    337   306     314
     639    208   193     215
     640    171   191     183
     641    133   141     151
     642    133   151     145
     643    145   151     163
     644    133   145     127
     645    116   124     101
     646    191   208     204
     647    178   171     160
     648    160   171     151
     649    124   133     117
     650    132   116     125
     651    125   116     109
     652    109   116     101
     653    276   298     303
     654    282   276     261
     655    261   276     257
     656     59    72      68
     657     89    83      99
     658     83    73      67
     659     91    89     102
     660    164   147     149
     661    147   165     148
     662    147   148     131
     663    131   148     130
     664    147   131     134
     665    131   130     115
     666    115   130     114
     667    131   115     134
     668    115   114     102
     669    102   114     108
     670    184   164     168
     671    223   210     206
     672    274   259     254
     673    210   227     213
     674    210   213     184
     675    239   223     222
     676    303   323     320
     677    303   320     304
     678    304   320     326
     679    303   304     281
     680    281   304     283
     681    303   281     276
     682    264   261     243
     683    243   261     240
     684    240   261     257
     685    240   257     236
     686    236   257     252
     687    240   236     208
     688    243   240     215
     689     82    86      97
     690     72    82      68
     691     67    61      50
     692    147   134     149
     693    149   134     135
     694    135   134     118
     695    149   135     155
     696     55    60      45
     697    148   166     143
     698    114   126     108
     699    213   233     214
     700    163   151     171
     701    155   135     140
     702    320   347     346
     703    127   145     139
     704    145   163     158
     705    118   134     115
     706    149   155     168
     707    133   127     117
     708    117   127     111
     709    111   127     123
     710    117   111      97
     711    135   118     122
     712    252   257     281
     713    236   252     232
     714    290   314     306
     715    336   310     326
     716    357   326     346
     717    297   290     273
     718    183   191     204
     719    283   304     310
     720    123   127     139
     721    123   139     138
     722    138   139     156
     723    123   138     120
     724    204   208     236
     725    257   276     281
     726    171   183     163
     727    124   117     101
     728    281   283     252
     729    111   123     110
     730    102    89      99
     731    168   164     149
     732     99    83      95
     733     59    68      51
     734     91   102     108
     735     91   108      98
     736    184   168     189
     737    206   210     189
     738    222   223     206
     739    156   139     158
     740    254   259     238
     741     97    86     101
     742    120   138     140
     743    239   222     238
     744    138   156     152
     745    274   254     271
     746     82    97      96
     747    123   120     110
     748    110   120     106
     749    106   120     122
     750    110   106      96
     751    110    96     111
     752    140   135     122
     753    139   145     158
     754    122   118     107
     755    273   290     271
     756    346   347     398
     757    346   398     357
     758    158   163     176
     759    232   252     251
     760    155   140     157
     761    297   273     284
     762    320   346     326
     763    236   232     204
     764     95    83      80
     765    271   254     249
     766    251   252     283
     767    238   259     239
     768    107   118     104
     769    284   273     262
     770    189   168     174
     771     96    97     111
     772    157   140     152
     773    157   152     170
     774    170   152     156
     775    157   182     174
     776    176   163     183
     777     99    95     104
     778    104    95     107
     779     99   104     115
     780    274   271     306
     781    232   251     231
     782    254   238     230
     783    122   107     106
     784    297   284     310
     785    184   189     210
     786     82    96      81
     787    155   157     174
     788    138   152     140
     789    158   176     173
     790     80    83      67
     791    174   168     155
     792    158   173     156
     793    104   118     115
     794    254   230     249
     795    262   273     249
     796    232   231     217
     797    217   231     218
     798    232   217     204
     799    218   231     234
     800    234   231     262
     801    218   234     220
     802    220   234     230
     803    218   220     200
     804    200   220     202
     805    218   200     199
     806    202   220     230
     807    200   202     186
     808    199   200     176
     809    186   202     190
     810    200   173     176
     811    190   202     207
     812    186   190     170
     813    170   190     182
     814    182   190     207
     815    170   182     157
     816    174   182     206
     817    207   202     230
     818     82    81      68
     819    217   218     199
     820    217   199     204
     821     95    80      93
     822     93    80      81
     823     95    93     107
     824    189   174     206
     825    231   251     262
     826    262   251     283
     827     96   106      93
     828     93   106     107
     829     96    93      81
     830    271   249     273
     831    284   262     283
     832    230   238     207
     833    173   200     186
     834    173   186     170
     835    249   230     234
     836    271   290     306
     837    140   122     120
     838    310   284     283
     839    156   173     170
     840     68    81      70
     841     70    81      80
     842     68    70      51
     843     21    15      12
     844    161   143     166
     845    126   121     108
     846    176   183     199
     847     54    45      60
     848    229   214     233
     849    361   374     337
     850    249   234     262
     851     51    70      50
     852     50    70      67
     853    304   326     310
     854    222   206     207
     855    102    99     115
     856     80    67      70
     857    183   204     199
     858    222   207     238
     859    208   215     240
     860    117    97     101
     861    207   206     182
     862    314   361     337
     863    742   720     747
     864    747   720     724
     865    724   720     698
     866    724   698     701
     867    747   724     748
     868    748   724     728
     869    701   698     673
     870    701   673     679
     871    724   701     728
     872    728   701     706
     873    679   673     650
     874    679   650     655
     875    706   701     679
     876    706   679     682
     877    728   706     734
     878    682   679     655
     879    682   655     659
     880    706   682     712
     881    659   655     632
     882    682   659     689
     883    655   650     630
     884    655   630     632
     885    632   630     610
     886    632   610     614
     887    614   610     589
     888    632   614     641
     889    614   589     595
     890    595   589     570
     891    614   595     622
     892    595   570     576
     893    570   551     576
     894    576   551     558
     895    449   439     453
     896    376   369     379
     897    503   489     508
     898    409   401     411
     899    536   519     540
     900    427   418     431
     901    365   359     370
     902    475   462     482
     903    391   383     395
     904    551   536     558
     905    558   536     540
     906    558   540     562
     907    439   427     443
     908    369   365     373
     909    489   475     494
     910    401   391     404
     911    519   503     523
     912    418   409     421
     913    359   352     362
     914    359   362     370
     915    462   449     467
     916    383   376     388
     917    748   728     752
     918    752   728     734
     919    752   734     756
     920    756   734     736
     921    736   734     712
     922    736   712     713
     923    712   734     706
     924    713   712     689
     925    713   689     692
     926    736   713     740
     927    689   712     682
     928    692   689     661
     929    713   692     723
     930    756   736     759
     931    661   689     659
     932    661   659     641
     933    641   659     632
     934    661   641     646
     935    646   641     622
     936    646   622     627
     937    661   646     675
     938    627   622     600
     939    646   627     654
     940    675   646     654
     941    675   654     684
     942    661   675     692
     943    692   675     702
     944    702   675     684
     945    702   684     714
     946    692   702     723
     947    723   702     737
     948    714   684     690
     949    702   714     737
     950    737   714     741
     951    723   737     761
     952    741   714     719
     953    737   741     762
     954    690   684     667
     955    714   690     719
     956    719   690     696
     957    696   690     668
     958    719   696     725
     959    741   719     746
     960    713   723     740
     961    740   723     761
     962    740   761     759
     963    740   759     736
     964    600   622     595
     965    600   595     576
     966    627   600     607
     967    654   627     640
     968    641   614     622
     969    562   540     545
     970    558   562     582
     971    696   668     670
     972    719   725     746
     973    746   725     750
     974    750   725     732
     975    746   750     764
     976    746   764     763
     977    684   654     667
     978    667   654     640
     979    667   640     668
     980    667   668     690
     981    725   696     703
     982    576   558     582
     983    576   582     600
     984    600   582     607
     985    741   746     763
     986    732   725     703
     987    732   703     709
     988    709   703     680
     989    732   709     743
     990    750   732     766
     991    453   439     443
     992    453   443     458
     993    709   680     685
     994    458   443     448
     995    453   458     472
     996    540   519     523
     997    540   523     545
     998    545   523     528
     999    508   489     494
    1000    508   494     514
    1001    514   494     500
    1002    508   514     528
    1003    528   514     537
    1004    508   528     523
    1005    537   514     521
    1006    528   537     550
    1007    508   523     503
    1008    732   743     766
    1009    482   462     467
    1010    482   467     485
    1011    485   467     472
    1012    485   472     490
    1013    472   467     453
    1014    490   472     477
    1015    485   490     504
    1016    453   467     449
    1017    482   485     500
    1018    500   485     504
    1019    500   504     521
    1020    521   504     524
    1021    482   500     494
    1022    524   504     510
    1023    521   524     541
    1024    482   494     475
    1025    500   521     514
    1026    379   369     373
    1027    379   373     382
    1028    382   373     380
    1029    379   382     390
    1030    640   627     607
    1031    431   418     421
    1032    431   421     437
    1033    437   421     426
    1034    431   437     448
    1035    448   437     452
    1036    431   448     443
    1037    452   437     441
    1038    448   452     465
    1039    431   443     427
    1040    411   401     404
    1041    411   404     416
    1042    416   404     408
    1043    411   416     426
    1044    426   416     430
    1045    411   426     421
    1046    430   416     420
    1047    426   430     441
    1048    441   430     446
    1049    411   421     409
    1050    426   441     437
    1051    446   430     435
    1052    441   446     457
    1053    395   383     388
    1054    395   388     400
    1055    400   388     390
    1056    400   390     402
    1057    390   388     379
    1058    402   390     393
    1059    400   402     410
    1060    379   388     376
    1061    395   400     408
    1062    408   400     410
    1063    408   410     420
    1064    420   410     425
    1065    395   408     404
    1066    408   420     416
    1067    425   410     415
    1068    420   425     435
    1069    435   425     440
    1070    395   404     391
    1071    420   435     430
    1072    440   425     428
    1073    435   440     451
    1074    373   365     370
    1075    743   709     717
    1076    680   703     670
    1077    582   562     588
    1078    550   537     559
    1079    440   428     445
    1080    703   696     670
    1081    541   524     546
    1082    670   668     643
    1083    510   504     490
    1084    510   490     495
    1085    495   490     477
    1086    510   495     517
    1087    495   477     483
    1088    483   477     465
    1089    465   477     458
    1090    483   465     471
    1091    458   477     472
    1092    465   458     448
    1093    471   465     452
    1094    471   452     457
    1095    471   457     474
    1096    457   452     441
    1097    474   457     463
    1098    471   474     487
    1099    483   471     487
    1100    483   487     501
    1101    501   487     506
    1102    483   501     495
    1103    495   501     517
    1104    517   501     522
    1105    522   501     506
    1106    522   506     526
    1107    526   506     512
    1108    522   526     543
    1109    517   522     539
    1110    506   487     493
    1111    512   506     493
    1112    512   493     499
    1113    499   493     480
    1114    512   499     520
    1115    526   512     535
    1116    543   526     549
    1117    522   543     539
    1118    539   543     560
    1119    560   543     567
    1120    539   560     553
    1121    463   457     446
    1122    463   446     451
    1123    451   446     435
    1124    463   451     468
    1125    468   451     455
    1126    463   468     480
    1127    463   480     474
    1128    474   480     493
    1129    474   493     487
    1130    480   468     486
    1131    486   468     473
    1132    480   486     499
    1133    499   486     505
    1134    505   486     492
    1135    499   505     520
    1136    520   505     525
    1137    525   505     511
    1138    520   525     542
    1139    492   486     473
    1140    492   473     476
    1141    476   473     461
    1142    492   488     507
    1143    505   492     511
    1144    511   492     507
    1145    461   473     455
    1146    461   455     445
    1147    476   461     469
    1148    476   469     488
    1149    476   488     492
    1150    469   461     450
    1151    525   511     533
    1152    542   525     548
    1153    520   542     535
    1154    535   542     557
    1155    520   535     512
    1156    557   542     564
    1157    535   557     549
    1158    549   557     575
    1159    575   557     581
    1160    549   575     567
    1161    567   575     592
    1162    549   567     543
    1163    592   575     598
    1164    567   592     585
    1165    564   542     548
    1166    564   548     573
    1167    573   548     556
    1168    564   573     590
    1169    557   564     581
    1170    581   564     590
    1171    581   590     606
    1172    606   590     616
    1173    581   606     598
    1174    598   606     626
    1175    626   606     634
    1176    598   626     617
    1177    634   606     616
    1178    634   616     644
    1179    644   616     625
    1180    634   644     660
    1181    626   634     653
    1182    617   626     645
    1183    598   617     592
    1184    592   617     611
    1185    611   617     636
    1186    592   611     585
    1187    585   611     602
    1188    602   611     629
    1189    585   602     578
    1190    616   590     597
    1191    644   625     652
    1192    634   660     653
    1193    653   660     683
    1194    683   660     693
    1195    653   683     674
    1196    625   616     597
    1197    625   597     605
    1198    660   644     671
    1199    575   581     598
    1200    636   617     645
    1201    636   645     664
    1202    664   645     674
    1203    636   664     656
    1204    611   636     629
    1205    693   660     671
    1206    693   671     704
    1207    704   671     681
    1208    693   704     722
    1209    683   693     716
    1210    674   683     705
    1211    653   674     645
    1212    656   664     686
    1213    681   671     652
    1214    722   704     731
    1215    636   656     629
    1216    629   656     649
    1217    649   656     678
    1218    629   649     620
    1219    704   681     710
    1220    693   722     716
    1221    716   722     744
    1222    744   722     753
    1223    716   744     735
    1224    556   548     533
    1225    678   656     686
    1226    678   686     708
    1227    708   686     718
    1228    678   708     700
    1229    753   722     731
    1230    753   731     755
    1231    755   731     730
    1232    753   755     774
    1233    590   573     597
    1234    597   573     583
    1235    583   573     556
    1236    597   583     605
    1237    620   649     639
    1238    735   744     760
    1239    567   585     560
    1240    560   585     578
    1241    560   578     553
    1242    553   578     571
    1243    571   578     596
    1244    553   571     546
    1245    546   571     565
    1246    596   578     602
    1247    596   602     620
    1248    596   620     612
    1249    620   602     629
    1250    612   620     639
    1251    596   612     587
    1252    612   639     631
    1253    565   571     587
    1254    587   571     596
    1255    565   587     584
    1256    584   587     603
    1257    565   584     559
    1258    603   587     612
    1259    603   612     631
    1260    603   631     619
    1261    619   631     648
    1262    603   601     584
    1263    648   631     658
    1264    619   648     643
    1265    546   565     541
    1266    631   639     658
    1267    648   658     680
    1268    680   658     685
    1269    685   658     665
    1270    665   658     639
    1271    665   639     649
    1272    685   665     700
    1273    649   678     665
    1274    744   753     773
    1275    716   735     705
    1276    705   735     726
    1277    718   686     695
    1278    700   708     729
    1279    681   652     666
    1280    708   718     738
    1281    678   700     665
    1282    626   653     645
    1283    445   455     440
    1284    440   455     451
    1285    517   539     532
    1286    525   533     548
    1287    674   705     695
    1288    644   652     671
    1289    726   735     751
    1290    705   726     695
    1291    539   553     532
    1292    532   553     546
    1293    533   511     507
    1294    545   528     550
    1295    545   550     569
    1296    569   550     577
    1297    545   569     562
    1298    562   569     588
    1299    577   550     559
    1300    577   559     584
    1301    569   577     593
    1302    425   415     428
    1303    428   415     419
    1304    683   716     705
    1305    521   541     537
    1306    537   541     559
    1307    559   541     565
    1308    415   410     402
    1309    415   402     405
    1310    652   625     635
    1311    524   510     532
    1312    510   517     532
    1313    731   704     710
    1314    718   695     726
    1315    708   738     729
    1316    402   393     405
    1317    549   526     535
    1318    760   744     773
    1319    390   382     393
    1320    393   382     392
    1321    393   392     405
    1322    743   717     749
    1323    710   681     699
    1324    710   699     730
    1325    710   730     731
    1326    717   709     685
    1327    700   729     717
    1328    700   717     685
    1329    735   760     751
    1330    751   772     771
    1331    473   468     455
    1332    686   664     695
    1333    695   664     674
    1334    738   718     745
    1335    445   428     434
    1336    643   668     640
    1337    569   593     588
    1338    546   524     532
    1339    743   749     767
    1340    745   718     726
    1341    582   588     607
    1342    670   643     648
    1343    749   717     729
    1344    749   729     754
    1345    754   729     738
    1346    749   754     768
    1347    768   754     769
    1348    726   751     745
    1349    593   577     601
    1350    601   577     584
    1351    593   601     615
    1352    615   601     619
    1353    619   601     603
    1354    593   615     613
    1355    613   615     643
    1356    643   615     619
    1357    593   613     588
    1358    588   613     607
    1359    738   745     758
    1360    758   745     770
    1361    758   770     769
    1362    758   769     754
    1363    738   758     754
    1364    607   613     640
    1365    583   556     554
    1366    554   556     533
    1367    776   775     757
    1368    768   767     749
    1369    772   751     760
    1370    772   760     773
    1371    774   773     753
    1372    766   765     750
    1373    750   765     764
    1374    762   761     737
    1375    775   774     755
    1376    775   755     757
    1377    767   766     743
    1378    771   770     751
    1379    763   762     741
    1380    635   666     652
    1381    530   554     533
    1382    370   380     373
    1383    419   434     428
    1384    580   605     583
    1385    580   583     554
    1386    666   699     681
    1387    405   419     415
    1388    380   392     382
    1389    507   530     533
    1390    730   757     755
    1391    434   450     445
    1392    605   635     625
    1393    680   670     648
    1394    461   445     450
    1395    745   751     770
    1396    640   613     643
STRUCTURE_DIRICHLET_NODES
       1 NaN  0.0  NaN  
       3 NaN  0.0  NaN  
       6 NaN  0.0  NaN  
      10 NaN  0.0  NaN  
      16 NaN  0.0  NaN  
      22 NaN  0.0  NaN  
      27 NaN  0.0  NaN  
      36 NaN  0.0  NaN  
      47 NaN  0.0  NaN  
      56 NaN  0.0  NaN  
      66 NaN  0.0  NaN  
      79 NaN  0.0  NaN  
      94 NaN  0.0  NaN  
     109 NaN  0.0  NaN  
     125 NaN  0.0  NaN  
     142 NaN  0.0  NaN  
     159 NaN  0.0  NaN  
     175 NaN  0.0  NaN  
     192 NaN  0.0  NaN  
     205 NaN  0.0  NaN  
     219 NaN  0.0  NaN  
     228 NaN  0.0  NaN  
     244 NaN  0.0  NaN  
     253 NaN  0.0  NaN  
     265 NaN  0.0  NaN  
     272 NaN  0.0  NaN  
     287 NaN  0.0  NaN  
     294 NaN  0.0  NaN  
     305 NaN  0.0  NaN  
     312 NaN  0.0  NaN  
     318 NaN  0.0  NaN  
     328 NaN  0.0  NaN  
     331 NaN  0.0  NaN  
     339 NaN  0.0  NaN  
     345 NaN  0.0  NaN  
     352 NaN  0.0  NaN  
     362 NaN  0.0  NaN  
     370 NaN  0.0  NaN  
     380 NaN  0.0  NaN  
     392 NaN  0.0  NaN  
     405 NaN  0.0  NaN  
     419 NaN  0.0  NaN  
     434 NaN  0.0  NaN  
     450 NaN  0.0  NaN  
     469 NaN  0.0  NaN  
     488 NaN  0.0  NaN  
     507 NaN  0.0  NaN  
     530 NaN  0.0  NaN  
     554 NaN  0.0  NaN  
     580 NaN  0.0  NaN  
     605 NaN  0.0  NaN  
     635 NaN  0.0  NaN  
     666 NaN  0.0  NaN  
     699 NaN  0.0  NaN  
     730 NaN  0.0  NaN  
     757 NaN  0.0  NaN  
     776 NaN  0.0  NaN  
STRUCTURE_FORCE_NODES
       1 boundaryLoad computeConstantLoad
       2 boundaryLoad computeConstantLoad
       5 boundaryLoad computeConstantLoad
       8 boundaryLoad computeConstantLoad
      13 boundaryLoad computeConstantLoad
      17 boundaryLoad computeConstantLoad
      23 boundaryLoad computeConstantLoad
      26 boundaryLoad computeConstantLoad
      33 boundaryLoad computeConstantLoad
      37 boundaryLoad computeConstantLoad
      44 boundaryLoad computeConstantLoad
      52 boundaryLoad computeConstantLoad
      57 boundaryLoad computeConstantLoad
      63 boundaryLoad computeConstantLoad
      69 boundaryLoad computeConstantLoad
      76 boundaryLoad computeConstantLoad
      84 boundaryLoad computeConstantLoad
      90 boundaryLoad computeConstantLoad
     100 boundaryLoad computeConstantLoad
     103 boundaryLoad computeConstantLoad
     112 boundaryLoad computeConstantLoad
     119 boundaryLoad computeConstantLoad
     128 boundaryLoad computeConstantLoad
     137 boundaryLoad computeConstantLoad
     144 boundaryLoad computeConstantLoad
     154 boundaryLoad computeConstantLoad
     162 boundaryLoad computeConstantLoad
     172 boundaryLoad computeConstantLoad
     179 boundaryLoad computeConstantLoad
     188 boundaryLoad computeConstantLoad
     195 boundaryLoad computeConstantLoad
     203 boundaryLoad computeConstantLoad
     212 boundaryLoad computeConstantLoad
     221 boundaryLoad computeConstantLoad
     226 boundaryLoad computeConstantLoad
     235 boundaryLoad computeConstantLoad
     245 boundaryLoad computeConstantLoad
     250 boundaryLoad computeConstantLoad
     260 boundaryLoad computeConstantLoad
STRUCTURE_CONTACT_NODES
     742 
     747 
     748 
     752 
     756 
     759 
     761 
     762 
     763 
     764 
     765 
     766 
     767 
     768 
     769 
     770 
     771 
     772 
     773 
     774 
     775 
     776 
%%%%%%%%%%%%%%%%%%%%%%%%%%%%%%%%%%%%%%%%%%%%%%%%%%%%%%%%%%%%%%%%%%%%%%%%%%%
%                                                                         %
%   Fluid Boundary Value Problem                                          %
%                                                                         %
%%%%%%%%%%%%%%%%%%%%%%%%%%%%%%%%%%%%%%%%%%%%%%%%%%%%%%%%%%%%%%%%%%%%%%%%%%%

FLUID_ANALYSIS
 ANALYSIS_TYPE,NAVIER_STOKES_2D

FLUID_MATERIAL_PROPERTIES

FLUID_NLINEAR_SCHEME
 NLINEAR_SCHEME,newtonRapshon
 NO_LOAD_STEPS,1
 TOLERANCE,1e-5
 MAX_ITERATIONS,10

FLUID_TRANSIENT_ANALYSIS
 SOLVER STEADY_STATE
 TIME_INTEGRATION BOSSAK
 ALPHA_BETA -0.1
 GAMMA 0.6
 START_TIME 0
 END_TIME 10
 NUMBER_OF_TIME_STEPS 1e3
 ADAPTIVE_TIME_STEPPING false
 
FLUID_INTEGRATION
 DOMAIN default
 domainNoGP 1
 boundaryNoGP 1
        
FLUID_ELEMENTS


FLUID_DIRICHLET_NODES
       1 NaN  0.0  NaN  NaN  
       3 NaN  0.0  NaN  NaN  
       6 NaN  0.0  NaN  NaN  
      10 NaN  0.0  NaN  NaN  
      16 NaN  0.0  NaN  NaN  
      22 NaN  0.0  NaN  NaN  
      27 NaN  0.0  NaN  NaN  
      36 NaN  0.0  NaN  NaN  
      47 NaN  0.0  NaN  NaN  
      56 NaN  0.0  NaN  NaN  
      66 NaN  0.0  NaN  NaN  
      79 NaN  0.0  NaN  NaN  
      94 NaN  0.0  NaN  NaN  
     109 NaN  0.0  NaN  NaN  
     125 NaN  0.0  NaN  NaN  
     142 NaN  0.0  NaN  NaN  
     159 NaN  0.0  NaN  NaN  
     175 NaN  0.0  NaN  NaN  
     192 NaN  0.0  NaN  NaN  
     205 NaN  0.0  NaN  NaN  
     219 NaN  0.0  NaN  NaN  
     228 NaN  0.0  NaN  NaN  
     244 NaN  0.0  NaN  NaN  
     253 NaN  0.0  NaN  NaN  
     265 NaN  0.0  NaN  NaN  
     272 NaN  0.0  NaN  NaN  
     287 NaN  0.0  NaN  NaN  
     294 NaN  0.0  NaN  NaN  
     305 NaN  0.0  NaN  NaN  
     312 NaN  0.0  NaN  NaN  
     318 NaN  0.0  NaN  NaN  
     328 NaN  0.0  NaN  NaN  
     331 NaN  0.0  NaN  NaN  
     339 NaN  0.0  NaN  NaN  
     345 NaN  0.0  NaN  NaN  
     352 NaN  0.0  NaN  NaN  
     362 NaN  0.0  NaN  NaN  
     370 NaN  0.0  NaN  NaN  
     380 NaN  0.0  NaN  NaN  
     392 NaN  0.0  NaN  NaN  
     405 NaN  0.0  NaN  NaN  
     419 NaN  0.0  NaN  NaN  
     434 NaN  0.0  NaN  NaN  
     450 NaN  0.0  NaN  NaN  
     469 NaN  0.0  NaN  NaN  
     488 NaN  0.0  NaN  NaN  
     507 NaN  0.0  NaN  NaN  
     530 NaN  0.0  NaN  NaN  
     554 NaN  0.0  NaN  NaN  
     580 NaN  0.0  NaN  NaN  
     605 NaN  0.0  NaN  NaN  
     635 NaN  0.0  NaN  NaN  
     666 NaN  0.0  NaN  NaN  
     699 NaN  0.0  NaN  NaN  
     730 NaN  0.0  NaN  NaN  
     757 NaN  0.0  NaN  NaN  
     776 NaN  0.0  NaN  NaN  

FLUID_DIRICHLET_ALE_NODES
FLUID_POST_PROC_NODES

FLUID_NODES

