%%%%%%%%%%%%%%%%%%%%%%%%%%%%%%%%%%%%%%%%%%%%%%%%%%%%%%%%%%%%%%%%%%%%%%%%%%%
%                                                                         %
%   License:        BSD License                                           %
%                   cane Multiphysics default license: cane/license.txt   %
%                                                                         %
%   Main authors:   Andreas Apostolatos                                   %
%                   Marko Leskovar                                        %
%                                                                         %
%%%%%%%%%%%%%%%%%%%%%%%%%%%%%%%%%%%%%%%%%%%%%%%%%%%%%%%%%%%%%%%%%%%%%%%%%%%

%%%%%%%%%%%%%%%%%%%%%%%%%%%%%%%%%%%%%%%%%%%%%%%%%%%%%%%%%%%%%%%%%%%%%%%%%%%
%                                                                         %
%   Matlab Input File                                                     %
%   _________________                                                     %
%                                                                         %
%   cane Multiphysics                                                     %
%                                                                         %
%%%%%%%%%%%%%%%%%%%%%%%%%%%%%%%%%%%%%%%%%%%%%%%%%%%%%%%%%%%%%%%%%%%%%%%%%%%

%%%%%%%%%%%%%%%%%%%%%%%%%%%%%%%%%%%%%%%%%%%%%%%%%%%%%%%%%%%%%%%%%%%%%%%%%%%
%                                                                         %
%   Structural Boundary Value Problem                                     %
%                                                                         %
%%%%%%%%%%%%%%%%%%%%%%%%%%%%%%%%%%%%%%%%%%%%%%%%%%%%%%%%%%%%%%%%%%%%%%%%%%%

STRUCTURE_ANALYSIS
 ANALYSIS_TYPE,planeStrain

STRUCTURE_MATERIAL_PROPERTIES
 DENSITY,1.0
 YOUNGS_MODULUS,1e5
 POISSON_RATIO,0.3
 THICKNESS,1.0

STRUCTURE_NLINEAR_SCHEME
 NLINEAR_SCHEME,NEWTON_RAPHSON
 NO_LOAD_STEPS,1
 TOLERANCE,1e-9
 MAX_ITERATIONS,100

STRUCTURE_TRANSIENT_ANALYSIS
 SOLVER STEADY_STATE
 TIME_INTEGRATION EXPLICIT_EULER
 ALPHA_BETA -0.1
 GAMMA 0.6
 START_TIME 0
 END_TIME 10
 NUMBER_OF_TIME_STEPS 100
 ADAPTIVE_TIME_STEPPING true
 
STRUCTURE_INTEGRATION
 DOMAIN default
 domainNoGP 1
 boundaryNoGP 1

STRUCTURE_NODES
       1    5.00000    0.00000    0.00000 
       2    4.98459    0.39230    0.00000 
       3    4.60000    0.00000    0.00000 
       4    4.61751    0.54652    0.00000 
       5    4.33943    0.30326    0.00000 
       6    4.93844    0.78217    0.00000 
       7    4.20000    0.00000    0.00000 
       8    4.28517    0.61974    0.00000 
       9    4.56039    0.90712    0.00000 
      10    3.99448    0.35004    0.00000 
      11    4.86185    1.16723    0.00000 
      12    3.80000    0.00000    0.00000 
      13    4.18094    1.00375    0.00000 
      14    3.89874    0.72100    0.00000 
      15    4.47516    1.26213    0.00000 
      16    3.61119    0.44896    0.00000 
      17    4.75528    1.54508    0.00000 
      18    3.40000    0.00000    0.00000 
      19    3.78743    1.15071    0.00000 
      20    3.51690    0.83662    0.00000 
      21    4.41891    1.65405    0.00000 
      22    4.07995    1.50574    0.00000 
      23    3.16713    0.47049    0.00000 
      24    4.61940    1.91342    0.00000 
      25    3.42533    1.22593    0.00000 
      26    3.00000    0.00000    0.00000 
      27    3.13325    0.94960    0.00000 
      28    4.22263    1.94666    0.00000 
      29    3.62270    1.61123    0.00000 
      30    2.80000    0.34641    0.00000 
      31    3.83110    1.95204    0.00000 
      32    4.45503    2.26995    0.00000 
      33    2.70855    0.71186    0.00000 
      34    2.60000    0.00000    0.00000 
      35    2.99902    1.39048    0.00000 
      36    3.20475    1.65522    0.00000 
      37    4.05688    2.27196    0.00000 
      38    2.77151    1.09725    0.00000 
      39    3.43288    1.98378    0.00000 
      40    2.41809    0.34958    0.00000 
      41    4.26320    2.61249    0.00000 
      42    3.63428    2.40388    0.00000 
      43    2.59902    1.38986    0.00000 
      44    2.41769    1.04446    0.00000 
      45    2.20000    0.00000    0.00000 
      46    2.79848    1.73658    0.00000 
      47    3.93553    2.60275    0.00000 
      48    3.03430    2.01707    0.00000 
      49    2.20000    0.69281    0.00000 
      50    3.26252    2.34554    0.00000 
      51    2.00001    0.34640    0.00000 
      52    4.04508    2.93893    0.00000 
      53    2.19902    1.38923    0.00000 
      54    2.39848    1.73595    0.00000 
      55    1.99999    1.03922    0.00000 
      56    3.65152    2.87862    0.00000 
      57    2.59793    2.08268    0.00000 
      58    1.80000    0.00000    0.00000 
      59    1.80000    0.69280    0.00000 
      60    3.26955    2.79246    0.00000 
      61    2.79770    2.45652    0.00000 
      62    1.60001    0.34639    0.00000 
      63    3.80203    3.24724    0.00000 
      64    1.99848    1.73532    0.00000 
      65    1.79902    1.38860    0.00000 
      66    2.19793    2.08205    0.00000 
      67    3.41441    3.15624    0.00000 
      68    1.59999    1.03920    0.00000 
      69    2.82703    2.85543    0.00000 
      70    1.40000    0.00000    0.00000 
      71    2.43579    2.55592    0.00000 
      72    1.40000    0.69279    0.00000 
      73    2.94281    3.21349    0.00000 
      74    1.20003    0.34637    0.00000 
      75    1.59848    1.73470    0.00000 
      76    1.79794    2.08142    0.00000 
      77    3.53553    3.53553    0.00000 
      78    1.39902    1.38798    0.00000 
      79    1.99368    2.47126    0.00000 
      80    3.18636    3.47992    0.00000 
      81    1.19957    1.04125    0.00000 
      82    2.49637    3.08029    0.00000 
      83    1.00000    0.00000    0.00000 
      84    1.00001    0.69276    0.00000 
      85    2.13617    2.90636    0.00000 
      86    1.39794    2.08080    0.00000 
      87    1.19848    1.73407    0.00000 
      88    1.59739    2.42752    0.00000 
      89    3.24724    3.80203    0.00000 
      90    0.80005    0.34633    0.00000 
      91    2.87862    3.65152    0.00000 
      92    0.99902    1.38735    0.00000 
      93    2.52732    3.47856    0.00000 
      94    1.76338    2.78268    0.00000 
      95    0.79957    1.04062    0.00000 
      96    2.15810    3.32605    0.00000 
      97    0.60000    0.00000    0.00000 
      98    0.60002    0.69270    0.00000 
      99    0.99794    2.08017    0.00000 
     100    1.19739    2.42690    0.00000 
     101    2.93893    4.04508    0.00000 
     102    0.79848    1.73345    0.00000 
     103    2.58325    3.86611    0.00000 
     104    1.72437    3.22841    0.00000 
     105    0.40010    0.34625    0.00000 
     106    0.59902    1.38672    0.00000 
     107    1.36531    2.87986    0.00000 
     108    2.21243    3.72182    0.00000 
     109    0.39957    1.04000    0.00000 
     110    1.84208    3.57105    0.00000 
     111    0.20000    0.00000    0.00000 
     112    0.20002    0.69259    0.00000 
     113    0.79739    2.42627    0.00000 
     114    0.59794    2.07954    0.00000 
     115    0.99684    2.77300    0.00000 
     116    2.31141    4.07638    0.00000 
     117    2.61249    4.26320    0.00000 
     118    0.39848    1.73282    0.00000 
     119    0.19902    1.38610    0.00000 
     120    0.00019    0.34611    0.00000 
     121    1.26408    3.37579    0.00000 
     122    0.98679    3.12279    0.00000 
     123    1.51911    3.71993    0.00000 
     124   -0.00043    1.03937    0.00000 
     125    1.87894    4.07574    0.00000 
     126   -0.20000    0.00000    0.00000 
     127    0.39739    2.42564    0.00000 
     128    0.59684    2.77237    0.00000 
     129    2.26995    4.45503    0.00000 
     130    0.19793    2.07892    0.00000 
     131   -0.19997    0.69243    0.00000 
     132   -0.00152    1.73219    0.00000 
     133   -0.20098    1.38547    0.00000 
     134   -0.39965    0.34586    0.00000 
     135    0.86135    3.50261    0.00000 
     136    1.12757    3.80113    0.00000 
     137    1.39323    4.09947    0.00000 
     138    0.52427    3.17085    0.00000 
     139   -0.40043    1.03874    0.00000 
     140    0.19684    2.77174    0.00000 
     141    1.91342    4.61940    0.00000 
     142   -0.00261    2.42501    0.00000 
     143    1.59856    4.40501    0.00000 
     144   -0.60000    0.00000    0.00000 
     145   -0.20207    2.07829    0.00000 
     146   -0.59990    0.69204    0.00000 
     147   -0.40152    1.73156    0.00000 
     148   -0.60097    1.38484    0.00000 
     149    1.00375    4.18094    0.00000 
     150    0.72100    3.89874    0.00000 
     151   -0.79935    0.34539    0.00000 
     152    0.43683    3.61729    0.00000 
     153    1.26213    4.47516    0.00000 
     154    1.54508    4.75528    0.00000 
     155   -0.80043    1.03811    0.00000 
     156   -0.20316    2.77111    0.00000 
     157    0.06695    3.23830    0.00000 
     158   -0.40261    2.42438    0.00000 
     159   -0.60207    2.07766    0.00000 
     160   -1.00000    0.00000    0.00000 
     161   -0.99981    0.69138    0.00000 
     162   -0.80152    1.73093    0.00000 
     163    0.08515    3.65660    0.00000 
     164    0.90712    4.56039    0.00000 
     165   -1.00097    1.38421    0.00000 
     166    0.26105    3.95940    0.00000 
     167    1.16723    4.86185    0.00000 
     168   -1.19879    0.34454    0.00000 
     169    0.53235    4.32472    0.00000 
     170   -0.40371    3.11720    0.00000 
     171   -0.60316    2.77048    0.00000 
     172   -0.20425    3.46393    0.00000 
     173   -1.20074    1.03719    0.00000 
     174   -0.80261    2.42375    0.00000 
     175   -1.00207    2.07703    0.00000 
     176   -1.40000    0.00000    0.00000 
     177   -1.39962    0.69018    0.00000 
     178   -1.20152    1.73030    0.00000 
     179    0.57678    4.68295    0.00000 
     180    0.78217    4.93844    0.00000 
     181   -0.20906    3.95933    0.00000 
     182   -1.40097    1.38358    0.00000 
     183    0.00000    4.29974    0.00000 
     184   -1.59778    0.34301    0.00000 
     185   -1.00316    2.76985    0.00000 
     186   -0.81792    3.16062    0.00000 
     187   -0.59776    3.57652    0.00000 
     188   -1.20261    2.42312    0.00000 
     189   -1.60224    1.03581    0.00000 
     190    0.18255    4.64615    0.00000 
     191   -1.40207    2.07640    0.00000 
     192    0.39230    4.98459    0.00000 
     193   -1.80000    0.00000    0.00000 
     194   -1.60152    1.72967    0.00000 
     195   -1.79923    0.68805    0.00000 
     196   -0.60753    4.03029    0.00000 
     197   -0.39774    4.31145    0.00000 
     198   -0.99732    3.50442    0.00000 
     199   -1.80763    1.38101    0.00000 
     200   -0.18255    4.64615    0.00000 
     201   -1.99595    0.34029    0.00000 
     202   -1.60261    2.42249    0.00000 
     203   -1.46960    2.77446    0.00000 
     204    0.00000    5.00000    0.00000 
     205   -2.00189    1.03143    0.00000 
     206   -1.30239    3.22524    0.00000 
     207   -1.80207    2.07577    0.00000 
     208   -0.95754    3.90240    0.00000 
     209   -2.20000    0.00000    0.00000 
     210   -2.01344    1.72398    0.00000 
     211   -0.52606    4.65648    0.00000 
     212   -2.19846    0.68431    0.00000 
     213   -2.20750    1.37422    0.00000 
     214   -0.39230    4.98459    0.00000 
     215   -1.82776    2.70532    0.00000 
     216   -1.32202    3.73795    0.00000 
     217   -0.87708    4.41746    0.00000 
     218   -2.39270    0.33556    0.00000 
     219   -2.00261    2.42186    0.00000 
     220   -2.40074    1.02431    0.00000 
     221   -1.28246    4.13547    0.00000 
     222   -1.87908    3.10074    0.00000 
     223   -2.25549    2.07943    0.00000 
     224   -2.60000    0.00000    0.00000 
     225   -1.70832    3.57794    0.00000 
     226   -0.78217    4.93844    0.00000 
     227   -2.41789    1.71727    0.00000 
     228   -2.59689    0.67790    0.00000 
     229   -2.60844    1.36560    0.00000 
     230   -1.29594    4.50334    0.00000 
     231   -1.64544    3.97244    0.00000 
     232   -2.25365    2.78815    0.00000 
     233   -2.78705    0.32757    0.00000 
     234   -1.16723    4.86185    0.00000 
     235   -2.79870    1.01429    0.00000 
     236   -2.62724    2.05810    0.00000 
     237   -2.12090    3.43638    0.00000 
     238   -1.60935    4.36234    0.00000 
     239   -3.00000    0.00000    0.00000 
     240   -2.81772    1.70637    0.00000 
     241   -2.99364    0.66740    0.00000 
     242   -2.41241    3.14648    0.00000 
     243   -2.66969    2.47959    0.00000 
     244   -2.10708    3.82000    0.00000 
     245   -1.54508    4.75528    0.00000 
     246   -3.00792    1.35459    0.00000 
     247   -1.94666    4.22263    0.00000 
     248   -3.17754    0.31477    0.00000 
     249   -2.73035    2.87493    0.00000 
     250   -3.19643    1.00239    0.00000 
     251   -3.02727    2.04709    0.00000 
     252   -2.49762    3.53676    0.00000 
     253   -1.91342    4.61940    0.00000 
     254   -2.28595    4.12760    0.00000 
     255   -3.21754    1.69524    0.00000 
     256   -3.40000    0.00000    0.00000 
     257   -3.38656    0.65160    0.00000 
     258   -2.79246    3.26955    0.00000 
     259   -3.34735    1.33008    0.00000 
     260   -3.04235    2.62482    0.00000 
     261   -2.58325    3.86611    0.00000 
     262   -2.26995    4.45503    0.00000 
     263   -3.26665    2.24700    0.00000 
     264   -3.56255    0.29640    0.00000 
     265   -3.10250    3.02014    0.00000 
     266   -3.61027    1.04196    0.00000 
     267   -2.87862    3.65152    0.00000 
     268   -3.48512    1.89049    0.00000 
     269   -2.61249    4.26320    0.00000 
     270   -3.76975    0.63275    0.00000 
     271   -3.80000    0.00000    0.00000 
     272   -3.15624    3.41441    0.00000 
     273   -3.70456    1.55622    0.00000 
     274   -3.43962    2.68308    0.00000 
     275   -2.93893    4.04508    0.00000 
     276   -3.94185    0.27717    0.00000 
     277   -3.66613    2.24661    0.00000 
     278   -3.41441    3.15624    0.00000 
     279   -3.24724    3.80203    0.00000 
     280   -3.88393    1.91360    0.00000 
     281   -3.71919    2.90350    0.00000 
     282   -4.20000    0.00000    0.00000 
     283   -3.86611    2.58325    0.00000 
     284   -3.53553    3.53553    0.00000 
     285   -4.19615    1.06730    0.00000 
     286   -4.24680    0.67263    0.00000 
     287   -4.32059    0.28162    0.00000 
     288   -4.05688    2.27196    0.00000 
     289   -3.80203    3.24724    0.00000 
     290   -4.28315    1.60721    0.00000 
     291   -4.27552    1.99566    0.00000 
     292   -4.04508    2.93893    0.00000 
     293   -4.60000    0.00000    0.00000 
     294   -4.56039    0.90712    0.00000 
     295   -4.26320    2.61249    0.00000 
     296   -4.54720    1.25922    0.00000 
     297   -4.61751    0.54652    0.00000 
     298   -4.45503    2.26995    0.00000 
     299   -4.61940    1.91342    0.00000 
     300   -4.75528    1.54508    0.00000 
     301   -4.86185    1.16723    0.00000 
     302   -4.93844    0.78217    0.00000 
     303   -4.98459    0.39230    0.00000 
     304   -5.00000    0.00000    0.00000 
STRUCTURE_ELEMENTS
       1      1     2       3
       2    154   167     153
       3    292   295     283
       4     52    63      56
       5    245   253     238
       6     17    24      21
       7    204   214     200
       8    300   301     296
       9    101   117     103
      10    275   279     267
      11      6    11       9
      12    180   192     179
      13    298   299     291
      14     77    89      80
      15    262   269     254
      16     32    41      37
      17    226   234     217
      18    302   303     297
      19    129   141     125
      20    284   289     278
      21      2     6       4
      22    167   180     164
      23    295   298     288
      24     63    77      67
      25    253   262     247
      26     24    32      28
      27    214   226     211
      28    301   302     294
      29    117   129     116
      30    279   284     272
      31     11    17      15
      32    192   204     190
      33    299   300     290
      34     89   101      91
      35    269   275     261
      36     41    52      47
      37    234   245     230
      38    303   304     293
      39    141   154     143
      40    289   292     281
      41    153   167     164
      42    153   164     149
      43    149   164     169
      44    153   149     137
      45    169   164     179
      46    169   179     190
      47    179   164     180
      48    190   179     192
      49    149   169     150
      50    137   149     136
      51    153   137     143
      52    143   137     125
      53    153   143     154
      54    143   125     141
      55    297   303     293
      56     91   101     103
      57     91   103      93
      58     93   103     108
      59     91    93      73
      60    108   103     116
      61    108   116     125
      62    116   103     117
      63    125   116     129
      64     93   108      96
      65     73    93      82
      66     91    73      80
      67     80    73      67
      68     91    80      89
      69     80    67      77
      70    267   279     272
      71    267   272     258
      72    258   272     265
      73    267   258     252
      74    265   272     278
      75    265   278     274
      76    278   272     284
      77    281   278     289
      78    258   265     249
      79    252   258     242
      80    267   252     261
      81    261   244     254
      82    267   261     275
      83    261   254     269
      84     28    32      37
      85     28    37      31
      86     31    37      42
      87     28    31      22
      88     42    37      47
      89     42    47      56
      90     47    37      41
      91     56    47      52
      92     31    42      39
      93     22    31      29
      94     28    22      21
      95     21    22      15
      96     28    21      24
      97     21    15      17
      98     56    63      67
      99     56    67      60
     100     60    67      73
     101     56    60      42
     102    294   302     297
     103    294   297     286
     104    286   297     287
     105    294   286     285
     106    287   297     293
     107    287   293     282
     108    287   282     276
     109    276   282     271
     110    276   271     264
     111    287   276     286
     112    264   271     256
     113    264   256     248
     114    276   264     270
     115    248   256     239
     116    264   248     257
     117    248   239     233
     118    233   239     224
     119    233   224     218
     120    248   233     241
     121    218   224     209
     122    218   209     201
     123    233   218     228
     124    270   264     257
     125    270   257     266
     126    276   270     286
     127    266   257     250
     128    270   266     285
     129    257   248     241
     130    257   241     250
     131    250   241     235
     132    201   209     193
     133    201   193     184
     134    218   201     212
     135    241   233     228
     136    241   228     235
     137    235   228     220
     138    285   286     270
     139    294   285     296
     140    296   285     290
     141    294   296     301
     142    296   290     300
     143    250   235     246
     144    220   228     212
     145    220   212     205
     146    235   220     229
     147    184   193     176
     148    184   176     168
     149    201   184     195
     150    190   204     200
     151    190   200     183
     152    183   200     197
     153    190   183     169
     154    197   200     211
     155    197   211     217
     156    211   200     214
     157    217   211     226
     158    183   197     181
     159    283   295     288
     160    283   288     277
     161    277   288     280
     162    283   277     274
     163    280   288     291
     164    280   291     290
     165    291   288     298
     166    290   291     299
     167    277   280     268
     168    274   277     263
     169    283   274     281
     170    281   274     278
     171    283   281     292
     172      9    11      15
     173      9    15      13
     174     13    15      22
     175      9    13       8
     176      8    13      14
     177      9     8       4
     178      4     8       5
     179      9     4       6
     180      5     8      10
     181      4     5       3
     182      3     5       7
     183      7     5      10
     184     10     8      14
     185     10    14      16
     186     16    14      20
     187     10    16      12
     188    238   253     247
     189    238   247     231
     190    231   247     244
     191    238   231     221
     192    244   247     254
     193    244   261     252
     194    254   247     262
     195    231   244     225
     196    221   231     216
     197    238   221     230
     198    230   221     217
     199    238   230     245
     200    230   217     234
     201      2     4       3
     202    228   218     212
     203    205   212     195
     204    205   195     189
     205    220   205     213
     206     20    14      19
     207     16    20      23
     208    266   250     259
     209    168   176     160
     210    168   160     151
     211    184   168     177
     212    212   201     195
     213    151   160     144
     214    151   144     134
     215    168   151     161
     216    150   169     166
     217    246   235     229
     218    221   216     208
     219    249   265     260
     220    268   280     273
     221     96   108     110
     222     39    42      50
     223    195   184     177
     224    195   177     189
     225     14    13      19
     226     19    13      22
     227    136   149     150
     228    242   258     249
     229    229   220     213
     230    263   277     268
     231     82    93      96
     232     29    31      39
     233    181   197     196
     234    231   225     216
     235    250   246     259
     236    225   244     237
     237    246   229     240
     238    137   136     123
     239    252   242     237
     240    274   263     260
     241     73    82      69
     242     22    29      19
     243    183   181     166
     244    134   144     126
     245    134   126     120
     246    213   205     199
     247     23    20      27
     248    177   168     161
     249    177   161     173
     250    205   189     199
     251     20    19      25
     252    266   259     273
     253    273   255     268
     254    151   134     146
     255     16    23      18
     256    161   151     146
     257    237   244     252
     258    161   146     155
     259    155   146     139
     260    161   155     173
     261    273   280     290
     262    120   126     111
     263    120   111     105
     264    105   111      97
     265    120   105     112
     266    105    97      90
     267    112   105      98
     268    120   112     131
     269     90    97      83
     270    105    90      98
     271     90    83      74
     272     74    83      70
     273     90    74      84
     274     74    70      62
     275    208   216     198
     276    198   216     206
     277    208   198     187
     278     50    42      60
     279    123   136     121
     280    121   136     135
     281    123   121     104
     282     27    20      25
     283    166   169     183
     284    110   108     125
     285    240   229     227
     286    227   229     213
     287    240   227     236
     288     25    19      29
     289    260   265     274
     290    196   197     217
     291     69    82      71
     292     71    82      85
     293     69    71      61
     294    177   173     189
     295    225   237     222
     296    222   237     242
     297    225   222     206
     298    134   120     131
     299    134   131     146
     300    146   131     139
     301    221   208     217
     302     39    50      48
     303     48    50      61
     304     39    48      36
     305    137   123     125
     306     23    27      33
     307    150   166     152
     308    152   166     163
     309    150   152     135
     310     96   110     104
     311    104   110     123
     312    123   110     125
     313    246   240     255
     314    255   240     251
     315    246   255     259
     316    213   199     210
     317    249   260     243
     318    243   260     251
     319    249   243     232
     320    181   196     187
     321    187   196     208
     322    208   196     217
     323     73    69      60
     324     70    58      62
     325     62    58      51
     326     74    62      72
     327     23    30      26
     328     51    58      45
     329     72    62      59
     330     51    45      40
     331     59    62      51
     332     72    59      68
     333     40    45      34
     334     59    51      49
     335     68    59      55
     336     40    34      30
     337     49    51      40
     338     55    59      49
     339     30    34      26
     340     49    40      33
     341     30    23      33
     342     30    33      40
     343    155   139     148
     344    148   139     133
     345    155   148     165
     346    133   139     124
     347    165   148     162
     348    155   165     173
     349    124   139     131
     350    162   148     147
     351    147   148     133
     352    162   147     159
     353    147   133     132
     354    159   147     145
     355    132   133     119
     356    147   132     145
     357    119   133     124
     358    145   132     130
     359    119   124     109
     360    130   132     118
     361    109   124     112
     362    119   109     106
     363    118   132     119
     364    106   109      95
     365    119   106     118
     366     95   109      98
     367    118   106     102
     368    102   106      92
     369    118   102     114
     370     92   106      95
     371    102    92      87
     372    114   102      99
     373     87    92      78
     374    102    87      99
     375     78    92      81
     376     99    87      86
     377     81    92      95
     378     78    81      68
     379     86    87      75
     380     81    95      84
     381     75    87      78
     382     86    75      76
     383     75    78      65
     384     76    75      64
     385     65    78      68
     386     75    65      64
     387     64    65      53
     388     53    65      55
     389     64    53      54
     390     54    53      43
     391     64    54      66
     392     43    53      44
     393     54    43      46
     394     66    54      57
     395     64    66      76
     396     44    53      55
     397     44    55      49
     398     46    43      35
     399     57    54      46
     400     76    66      79
     401     35    43      38
     402     57    46      48
     403     48    46      36
     404     79    66      71
     405     38    43      44
     406     35    38      27
     407     27    38      33
     408     33    38      44
     409    251   240     236
     410     68    55      65
     411    165   162     178
     412    178   162     175
     413    165   178     182
     414    175   162     159
     415    178   175     191
     416    182   178     194
     417    175   159     174
     418    178   191     194
     419    174   159     158
     420    194   191     207
     421    158   159     145
     422    174   158     171
     423    207   191     202
     424    171   158     156
     425    174   171     185
     426    202   191     188
     427    156   158     142
     428    171   156     170
     429    185   171     186
     430    188   191     175
     431    142   158     145
     432    170   156     157
     433    186   171     170
     434    142   145     130
     435    157   156     140
     436    170   157     172
     437    186   170     187
     438    142   130     127
     439    140   156     142
     440    172   157     163
     441    127   130     114
     442    142   127     140
     443    114   130     118
     444    127   114     113
     445    140   127     128
     446    113   114      99
     447    127   113     128
     448    113    99     100
     449    128   113     115
     450    100    99      86
     451    113   100     115
     452    100    86      88
     453    115   100     107
     454     88    86      76
     455    100    88     107
     456     88    76      79
     457    107    88      94
     458     88    79      94
     459    107    94     104
     460     94    79      85
     461     94    85     104
     462    165   182     173
     463    173   182     189
     464    182   194     199
     465    188   175     174
     466    188   174     185
     467    188   185     203
     468    203   185     206
     469    188   203     202
     470    202   203     215
     471    215   203     222
     472    202   215     219
     473    219   215     232
     474    202   219     207
     475    207   219     223
     476    223   219     243
     477    207   223     210
     478    210   223     227
     479     26    18      23
     480    210   199     194
     481     72    68      81
     482    170   172     187
     483    112    98     109
     484     71    85      79
     485    152   163     157
     486    172   163     181
     487    181   163     166
     488    194   207     210
     489    198   206     186
     490     39    36      29
     491     12     7      10
     492    121   135     122
     493    122   135     138
     494    121   122     107
     495    138   135     152
     496    122   138     128
     497    232   243     219
     498     98    90      84
     499     98    84      95
     500     69    61      60
     501     46    35      36
     502     36    35      25
     503    206   216     225
     504    236   227     223
     505    128   115     122
     506    122   115     107
     507     18    12      16
     508    135   136     150
     509    213   210     227
     510    185   186     206
     511    131   112     124
     512     61    71      57
     513     85    82      96
     514    255   251     268
     515    255   273     259
     516     66    57      71
     517    157   140     138
     518    187   198     186
     519    140   128     138
     520     84    74      72
     521     84    72      81
     522    104   121     107
     523    249   232     242
     524    251   236     243
     525    199   189     182
     526     27    25      35
     527     44    49      33
     528    222   242     232
     529    222   232     215
     530    263   268     251
     531    263   251     260
     532     29    36      25
     533     85    96     104
     534     61    57      48
     535    243   236     223
     536    206   222     203
     537     50    60      61
     538    138   152     157
     539    187   172     181
     540    290   285     273
     541    266   273     285
STRUCTURE_DIRICHLET_NODES
       1 NaN  0.0  NaN  
       3 NaN  0.0  NaN  
       7 NaN  0.0  NaN  
      12 NaN  0.0  NaN  
      18 NaN  0.0  NaN  
      26 NaN  0.0  NaN  
      34 NaN  0.0  NaN  
      45 NaN  0.0  NaN  
      58 NaN  0.0  NaN  
      70 NaN  0.0  NaN  
      83 NaN  0.0  NaN  
      97 NaN  0.0  NaN  
     111 NaN  0.0  NaN  
     126 NaN  0.0  NaN  
     144 NaN  0.0  NaN  
     160 NaN  0.0  NaN  
     176 NaN  0.0  NaN  
     193 NaN  0.0  NaN  
     209 NaN  0.0  NaN  
     224 NaN  0.0  NaN  
     239 NaN  0.0  NaN  
     256 NaN  0.0  NaN  
     271 NaN  0.0  NaN  
     282 NaN  0.0  NaN  
     293 NaN  0.0  NaN  
     304 NaN  0.0  NaN  
STRUCTURE_FORCE_NODES
     204 boundaryLoad computeConstantLoad
     214 boundaryLoad computeConstantLoad
     226 boundaryLoad computeConstantLoad
     234 boundaryLoad computeConstantLoad
     245 boundaryLoad computeConstantLoad
     253 boundaryLoad computeConstantLoad
     262 boundaryLoad computeConstantLoad
     269 boundaryLoad computeConstantLoad
     275 boundaryLoad computeConstantLoad
     279 boundaryLoad computeConstantLoad
     284 boundaryLoad computeConstantLoad
     289 boundaryLoad computeConstantLoad
     292 boundaryLoad computeConstantLoad
     295 boundaryLoad computeConstantLoad
     298 boundaryLoad computeConstantLoad
     299 boundaryLoad computeConstantLoad
     300 boundaryLoad computeConstantLoad
     301 boundaryLoad computeConstantLoad
     302 boundaryLoad computeConstantLoad
     303 boundaryLoad computeConstantLoad
     304 boundaryLoad computeConstantLoad
STRUCTURE_CONTACT_NODES
       1 
       2 
       3 
       6 
       7 
      11 
      12 
      17 
      18 
      24 
      26 
      32 
      34 
      41 
      45 
      52 
      58 
      63 
      70 
      77 
      83 
      89 
      97 
     101 
     111 
     117 
     126 
     129 
     141 
     144 
     154 
     160 
     167 
     176 
     180 
     192 
     193 
     204 
     209 
     214 
     224 
     226 
     234 
     239 
     245 
     253 
     256 
     262 
     269 
     271 
     275 
     279 
     282 
     284 
     289 
     292 
     293 
     295 
     298 
     299 
     300 
     301 
     302 
     303 
     304 
%%%%%%%%%%%%%%%%%%%%%%%%%%%%%%%%%%%%%%%%%%%%%%%%%%%%%%%%%%%%%%%%%%%%%%%%%%%
%                                                                         %
%   Fluid Boundary Value Problem                                          %
%                                                                         %
%%%%%%%%%%%%%%%%%%%%%%%%%%%%%%%%%%%%%%%%%%%%%%%%%%%%%%%%%%%%%%%%%%%%%%%%%%%

FLUID_ANALYSIS
 ANALYSIS_TYPE,NAVIER_STOKES_2D

FLUID_MATERIAL_PROPERTIES

FLUID_NLINEAR_SCHEME
 NLINEAR_SCHEME,newtonRapshon
 NO_LOAD_STEPS,1
 TOLERANCE,1e-5
 MAX_ITERATIONS,10

FLUID_TRANSIENT_ANALYSIS
 SOLVER STEADY_STATE
 TIME_INTEGRATION BOSSAK
 ALPHA_BETA -0.1
 GAMMA 0.6
 START_TIME 0
 END_TIME 10
 NUMBER_OF_TIME_STEPS 1e3
 ADAPTIVE_TIME_STEPPING false
 
FLUID_INTEGRATION
 DOMAIN default
 domainNoGP 1
 boundaryNoGP 1
        
FLUID_ELEMENTS


FLUID_DIRICHLET_NODES

FLUID_DIRICHLET_ALE_NODES
FLUID_POST_PROC_NODES

FLUID_NODES

