%%%%%%%%%%%%%%%%%%%%%%%%%%%%%%%%%%%%%%%%%%%%%%%%%%%%%%%%%%%%%%%%%%%%%%%%%%%
%                                                                         %
%   License:        BSD License                                           %
%                   cane Multiphysics default license: cane/license.txt   %
%                                                                         %
%   Main authors:   Andreas Apostolatos                                   %
%                   Marko Leskovar                                        %
%                                                                         %
%%%%%%%%%%%%%%%%%%%%%%%%%%%%%%%%%%%%%%%%%%%%%%%%%%%%%%%%%%%%%%%%%%%%%%%%%%%

%%%%%%%%%%%%%%%%%%%%%%%%%%%%%%%%%%%%%%%%%%%%%%%%%%%%%%%%%%%%%%%%%%%%%%%%%%%
%                                                                         %
%   Matlab Input File                                                     %
%   _________________                                                     %
%                                                                         %
%   cane Multiphysics                                                     %
%                                                                         %
%%%%%%%%%%%%%%%%%%%%%%%%%%%%%%%%%%%%%%%%%%%%%%%%%%%%%%%%%%%%%%%%%%%%%%%%%%%

%%%%%%%%%%%%%%%%%%%%%%%%%%%%%%%%%%%%%%%%%%%%%%%%%%%%%%%%%%%%%%%%%%%%%%%%%%%
%                                                                         %
%   Structural Boundary Value Problem                                     %
%                                                                         %
%%%%%%%%%%%%%%%%%%%%%%%%%%%%%%%%%%%%%%%%%%%%%%%%%%%%%%%%%%%%%%%%%%%%%%%%%%%

STRUCTURE_ANALYSIS
 ANALYSIS_TYPE,planeStrain

STRUCTURE_MATERIAL_PROPERTIES
 DENSITY,1.0
 YOUNGS_MODULUS,1e5
 POISSON_RATIO,0.3
 THICKNESS,1.0

STRUCTURE_NLINEAR_SCHEME
 NLINEAR_SCHEME,NEWTON_RAPHSON
 NO_LOAD_STEPS,1
 TOLERANCE,1e-9
 MAX_ITERATIONS,100

STRUCTURE_TRANSIENT_ANALYSIS
 SOLVER STEADY_STATE
 TIME_INTEGRATION EXPLICIT_EULER
 ALPHA_BETA -0.1
 GAMMA 0.6
 START_TIME 0
 END_TIME 10
 NUMBER_OF_TIME_STEPS 100
 ADAPTIVE_TIME_STEPPING true
 
STRUCTURE_INTEGRATION
 DOMAIN default
 domainNoGP 1
 boundaryNoGP 1

STRUCTURE_NODES
       1    5.00000    0.00000    0.00000 
       2    4.99088    0.30189    0.00000 
       3    4.69697    0.00000    0.00000 
       4    4.58553    0.31845    0.00000 
       5    4.96354    0.60268    0.00000 
       6    4.39394    0.00000    0.00000 
       7    4.25410    0.19423    0.00000 
       8    4.59123    0.67397    0.00000 
       9    4.26806    0.49375    0.00000 
      10    4.91810    0.90128    0.00000 
      11    4.09091    0.00000    0.00000 
      12    4.02784    0.30914    0.00000 
      13    4.58024    0.97901    0.00000 
      14    4.27486    0.79130    0.00000 
      15    4.01821    0.65548    0.00000 
      16    4.85471    1.19658    0.00000 
      17    3.78788    0.00000    0.00000 
      18    4.55201    1.22025    0.00000 
      19    4.29056    1.09066    0.00000 
      20    3.74789    0.51135    0.00000 
      21    4.02388    0.95524    0.00000 
      22    3.76179    0.81084    0.00000 
      23    4.77360    1.48752    0.00000 
      24    3.48485    0.00000    0.00000 
      25    3.49564    0.32394    0.00000 
      26    4.30389    1.39014    0.00000 
      27    4.03824    1.25125    0.00000 
      28    3.49584    0.67369    0.00000 
      29    3.76642    1.10773    0.00000 
      30    3.51270    0.97245    0.00000 
      31    4.36089    1.67041    0.00000 
      32    3.22200    0.22947    0.00000 
      33    4.67508    1.77302    0.00000 
      34    3.18182    0.00000    0.00000 
      35    4.04440    1.55096    0.00000 
      36    3.23538    0.52913    0.00000 
      37    3.78215    1.40710    0.00000 
      38    3.24487    0.83771    0.00000 
      39    3.51545    1.27168    0.00000 
      40    2.96927    0.39102    0.00000 
      41    3.25629    1.12672    0.00000 
      42    4.04826    1.85072    0.00000 
      43    4.32009    1.97011    0.00000 
      44    3.78711    1.70351    0.00000 
      45    4.55950    2.05206    0.00000 
      46    2.87879    0.00000    0.00000 
      47    2.98237    0.68996    0.00000 
      48    3.53459    1.57018    0.00000 
      49    2.98970    0.98974    0.00000 
      50    3.26072    1.42394    0.00000 
      51    2.70563    0.24867    0.00000 
      52    4.07447    2.13690    0.00000 
      53    3.80614    2.00281    0.00000 
      54    2.71348    0.54704    0.00000 
      55    3.53761    1.86993    0.00000 
      56    3.00384    1.28828    0.00000 
      57    4.42728    2.32362    0.00000 
      58    2.57576    0.00000    0.00000 
      59    2.72667    0.84661    0.00000 
      60    3.27695    1.72340    0.00000 
      61    2.73324    1.14433    0.00000 
      62    3.00969    1.58802    0.00000 
      63    2.44538    0.33387    0.00000 
      64    3.82413    2.30217    0.00000 
      65    3.55603    2.16777    0.00000 
      66    4.09428    2.47320    0.00000 
      67    2.46089    0.70865    0.00000 
      68    3.27868    2.01949    0.00000 
      69    2.74753    1.44380    0.00000 
      70    4.27891    2.58669    0.00000 
      71    2.47621    1.00771    0.00000 
      72    2.27273    0.00000    0.00000 
      73    3.02530    1.88596    0.00000 
      74    2.19025    0.26648    0.00000 
      75    2.48141    1.30700    0.00000 
      76    2.75230    1.74062    0.00000 
      77    2.19894    0.56624    0.00000 
      78    3.55613    2.46740    0.00000 
      79    3.29722    2.31875    0.00000 
      80    3.84599    2.64948    0.00000 
      81    2.21302    0.86407    0.00000 
      82    3.02910    2.18566    0.00000 
      83    2.49872    1.60572    0.00000 
      84    4.11492    2.84032    0.00000 
      85    2.22079    1.16381    0.00000 
      86    2.76814    2.03993    0.00000 
      87    1.96970    0.00000    0.00000 
      88    1.93290    0.42785    0.00000 
      89    3.29544    2.61292    0.00000 
      90    3.55241    2.76702    0.00000 
      91    2.23633    1.46077    0.00000 
      92    1.94646    0.72742    0.00000 
      93    2.50153    1.90478    0.00000 
      94    3.04662    2.48245    0.00000 
      95    1.95430    1.02639    0.00000 
      96    2.77047    2.33550    0.00000 
      97    3.93592    3.08359    0.00000 
      98    2.24279    1.76046    0.00000 
      99    1.96910    1.32586    0.00000 
     100    2.52161    2.20301    0.00000 
     101    1.66667    0.00000    0.00000 
     102    1.67598    0.28406    0.00000 
     103    3.31724    2.91184    0.00000 
     104    1.68310    0.58387    0.00000 
     105    3.57105    3.06066    0.00000 
     106    3.04802    2.78207    0.00000 
     107    1.69066    0.88372    0.00000 
     108    2.26035    2.05621    0.00000 
     109    1.97567    1.62443    0.00000 
     110    2.78849    2.63459    0.00000 
     111    1.69882    1.18355    0.00000 
     112    2.52117    2.50172    0.00000 
     113    3.74255    3.31561    0.00000 
     114    1.99222    1.92374    0.00000 
     115    1.71264    1.48085    0.00000 
     116    1.42009    0.44044    0.00000 
     117    2.26497    2.35586    0.00000 
     118    3.33604    3.21096    0.00000 
     119    3.06803    3.07679    0.00000 
     120    1.36364    0.00000    0.00000 
     121    1.42886    0.73989    0.00000 
     122    2.78795    2.92860    0.00000 
     123    1.43972    1.03840    0.00000 
     124    1.73068    1.77704    0.00000 
     125    2.54493    2.79929    0.00000 
     126    1.99702    2.22164    0.00000 
     127    1.45417    1.33503    0.00000 
     128    2.28518    2.64998    0.00000 
     129    3.53553    3.53553    0.00000 
     130    1.15614    0.29792    0.00000 
     131    1.73484    2.07688    0.00000 
     132    1.16478    0.59777    0.00000 
     133    1.46851    1.63145    0.00000 
     134    2.80912    3.22738    0.00000 
     135    3.12709    3.42726    0.00000 
     136    2.01587    2.52073    0.00000 
     137    1.17466    0.89859    0.00000 
     138    1.06061    0.00000    0.00000 
     139    2.54072    3.09769    0.00000 
     140    1.18745    1.19935    0.00000 
     141    2.28711    2.94959    0.00000 
     142    1.75606    2.37135    0.00000 
     143    1.47394    1.93128    0.00000 
     144    1.20184    1.49580    0.00000 
     145    2.01904    2.81578    0.00000 
     146    3.31561    3.74255    0.00000 
     147    0.90017    0.36780    0.00000 
     148    2.80596    3.51964    0.00000 
     149    0.90291    0.75967    0.00000 
     150    1.48571    2.24001    0.00000 
     151    2.56927    3.39441    0.00000 
     152    3.01933    3.67793    0.00000 
     153    1.20604    1.79649    0.00000 
     154    1.75766    2.67104    0.00000 
     155    0.92165    1.06067    0.00000 
     156    2.30825    3.24252    0.00000 
     157    0.75758    0.00000    0.00000 
     158    0.93514    1.36017    0.00000 
     159    2.03854    3.11475    0.00000 
     160    1.22306    2.09560    0.00000 
     161    1.48870    2.53893    0.00000 
     162    1.78035    2.96459    0.00000 
     163    3.08359    3.93592    0.00000 
     164    0.62338    0.29547    0.00000 
     165    0.93766    1.66265    0.00000 
     166    2.82412    3.81523    0.00000 
     167    0.63589    0.62298    0.00000 
     168    2.56683    3.69434    0.00000 
     169    0.65097    0.92248    0.00000 
     170    2.30841    3.54245    0.00000 
     171    1.23024    2.39524    0.00000 
     172    0.95629    1.96196    0.00000 
     173    2.04868    3.39281    0.00000 
     174    1.50997    2.83783    0.00000 
     175    0.66020    1.22039    0.00000 
     176    0.45455    0.00000    0.00000 
     177    1.78398    3.26325    0.00000 
     178    0.67683    1.51992    0.00000 
     179    1.25018    2.69029    0.00000 
     180    0.96217    2.26115    0.00000 
     181    2.84032    4.11492    0.00000 
     182    0.36873    0.48657    0.00000 
     183    2.57244    3.97874    0.00000 
     184    1.52237    3.11708    0.00000 
     185    0.69264    1.81922    0.00000 
     186    0.38428    0.78614    0.00000 
     187    2.30566    3.84145    0.00000 
     188    0.40123    1.08517    0.00000 
     189    0.98099    2.56029    0.00000 
     190    2.02288    3.72211    0.00000 
     191    1.25662    2.98898    0.00000 
     192    0.70151    2.11890    0.00000 
     193    0.40915    1.38461    0.00000 
     194    0.15152    0.00000    0.00000 
     195    1.54736    3.41572    0.00000 
     196    0.42604    1.68406    0.00000 
     197    0.13263    0.27335    0.00000 
     198    2.58669    4.27891    0.00000 
     199    0.99365    2.84524    0.00000 
     200    1.70116    3.64234    0.00000 
     201    0.71938    2.41531    0.00000 
     202    0.11896    0.64656    0.00000 
     203    2.32005    4.14114    0.00000 
     204    2.06289    3.98829    0.00000 
     205    0.13054    0.94632    0.00000 
     206    1.29002    3.29770    0.00000 
     207    0.43406    1.98342    0.00000 
     208    0.14672    1.24312    0.00000 
     209    0.72777    2.71430    0.00000 
     210    0.16166    1.54256    0.00000 
     211    1.00744    3.15548    0.00000 
     212    0.45111    2.28275    0.00000 
     213    1.71047    3.92532    0.00000 
     214    1.39047    3.65371    0.00000 
     215   -0.15152    0.00000    0.00000 
     216   -0.14172    0.45241    0.00000 
     217    0.17177    1.84226    0.00000 
     218    2.32362    4.42728    0.00000 
     219    2.06205    4.28744    0.00000 
     220   -0.13482    0.80641    0.00000 
     221    0.74593    3.01284    0.00000 
     222    0.46387    2.57210    0.00000 
     223   -0.12045    1.10678    0.00000 
     224    1.82513    4.17003    0.00000 
     225    0.18815    2.13967    0.00000 
     226    1.01586    3.45523    0.00000 
     227   -0.10478    1.40632    0.00000 
     228    0.47752    2.87934    0.00000 
     229   -0.09525    1.70580    0.00000 
     230    0.19793    2.43887    0.00000 
     231    0.75227    3.31224    0.00000 
     232   -0.41608    0.32232    0.00000 
     233    2.05206    4.55950    0.00000 
     234    1.33565    4.01653    0.00000 
     235   -0.39949    0.66583    0.00000 
     236    1.56700    4.22532    0.00000 
     237    1.79742    4.41395    0.00000 
     238   -0.45455    0.00000    0.00000 
     239   -0.07945    2.00525    0.00000 
     240   -0.38424    0.96612    0.00000 
     241    1.04204    3.80781    0.00000 
     242    0.48935    3.16805    0.00000 
     243    0.21453    2.73777    0.00000 
     244   -0.36967    1.26570    0.00000 
     245    0.77221    3.60824    0.00000 
     246   -0.06663    2.29776    0.00000 
     247   -0.35869    1.56541    0.00000 
     248   -0.34336    1.86352    0.00000 
     249    0.22288    3.03732    0.00000 
     250    0.51130    3.46705    0.00000 
     251    1.31031    4.31608    0.00000 
     252    1.77302    4.67508    0.00000 
     253   -0.67765    0.23142    0.00000 
     254   -0.05317    2.60273    0.00000 
     255   -0.66678    0.52974    0.00000 
     256    1.52654    4.52035    0.00000 
     257   -0.65111    0.82909    0.00000 
     258   -0.63629    1.12871    0.00000 
     259   -0.33260    2.16289    0.00000 
     260   -0.75758    0.00000    0.00000 
     261    0.99358    4.17096    0.00000 
     262   -0.62074    1.42805    0.00000 
     263    0.72807    3.93300    0.00000 
     264    0.24169    3.33594    0.00000 
     265   -0.04252    2.90248    0.00000 
     266    0.51811    3.76614    0.00000 
     267   -0.31712    2.46204    0.00000 
     268   -0.61049    1.72780    0.00000 
     269    1.48752    4.77360    0.00000 
     270   -0.92085    0.32382    0.00000 
     271    1.25025    4.60741    0.00000 
     272    1.04357    4.44380    0.00000 
     273   -0.59762    2.02254    0.00000 
     274   -0.91776    0.69367    0.00000 
     275   -0.02701    3.20296    0.00000 
     276   -0.89849    0.99212    0.00000 
     277   -0.30735    2.76165    0.00000 
     278   -0.88797    1.29186    0.00000 
     279   -0.58432    2.32589    0.00000 
     280   -1.06061    0.00000    0.00000 
     281    0.41704    3.97853    0.00000 
     282    0.23297    3.76069    0.00000 
     283    0.60949    4.20812    0.00000 
     284   -0.87506    1.58703    0.00000 
     285   -0.29105    3.05959    0.00000 
     286    0.78188    4.44547    0.00000 
     287   -0.57190    2.62031    0.00000 
     288   -0.86361    1.88650    0.00000 
     289    1.19658    4.85471    0.00000 
     290   -0.05793    3.53459    0.00000 
     291    0.96952    4.67595    0.00000 
     292   -1.18459    0.25767    0.00000 
     293   -1.18100    0.55424    0.00000 
     294   -1.16274    0.85157    0.00000 
     295   -0.84892    2.18583    0.00000 
     296   -1.15269    1.15131    0.00000 
     297   -0.55461    2.91971    0.00000 
     298   -1.14107    1.45080    0.00000 
     299    0.12189    4.03168    0.00000 
     300   -0.06296    3.79764    0.00000 
     301    0.51234    4.48492    0.00000 
     302   -0.83816    2.48549    0.00000 
     303   -0.38812    3.38522    0.00000 
     304   -1.36364    0.00000    0.00000 
     305   -1.12896    1.74669    0.00000 
     306    0.68533    4.72655    0.00000 
     307    0.25306    4.29234    0.00000 
     308    0.90128    4.91810    0.00000 
     309   -0.55923    3.17598    0.00000 
     310   -1.43330    0.41925    0.00000 
     311   -1.11576    2.04891    0.00000 
     312   -0.82240    2.78468    0.00000 
     313   -1.43119    0.71883    0.00000 
     314   -1.41712    1.01042    0.00000 
     315   -0.34417    3.72506    0.00000 
     316   -1.40561    1.30982    0.00000 
     317   -1.10538    2.34919    0.00000 
     318   -0.80024    3.09482    0.00000 
     319    0.26113    4.55878    0.00000 
     320   -0.23334    3.99350    0.00000 
     321   -1.39461    1.60938    0.00000 
     322    0.39869    4.75950    0.00000 
     323    0.60268    4.96354    0.00000 
     324   -0.72094    3.36778    0.00000 
     325   -1.08973    2.64875    0.00000 
     326   -1.38108    1.90883    0.00000 
     327   -0.11868    4.27029    0.00000 
     328   -1.66667    0.00000    0.00000 
     329   -1.69469    0.27223    0.00000 
     330   -1.69096    0.57211    0.00000 
     331   -0.63583    3.65541    0.00000 
     332   -1.68238    0.87033    0.00000 
     333   -1.36742    2.20855    0.00000 
     334   -0.03178    4.51409    0.00000 
     335   -1.67098    1.17009    0.00000 
     336   -1.08849    3.01520    0.00000 
     337   -0.54605    3.96284    0.00000 
     338   -1.65974    1.46914    0.00000 
     339   -1.35380    2.50824    0.00000 
     340    0.11061    4.77492    0.00000 
     341    0.30189    4.99088    0.00000 
     342   -1.01008    3.30378    0.00000 
     343   -0.41459    4.23205    0.00000 
     344   -1.64739    1.77083    0.00000 
     345   -0.92166    3.58945    0.00000 
     346   -1.93202    0.48202    0.00000 
     347   -1.63377    2.07050    0.00000 
     348   -0.30425    4.50392    0.00000 
     349   -1.34831    2.85838    0.00000 
     350   -1.96970    0.00000    0.00000 
     351   -1.94637    0.72870    0.00000 
     352   -1.93601    1.02962    0.00000 
     353   -1.62015    2.37019    0.00000 
     354   -0.17787    4.77287    0.00000 
     355   -0.84531    3.94331    0.00000 
     356   -1.92499    1.32938    0.00000 
     357    0.00000    5.00000    0.00000 
     358   -1.30000    3.22761    0.00000 
     359   -0.71228    4.21209    0.00000 
     360   -1.91348    1.62911    0.00000 
     361   -2.11793    0.25124    0.00000 
     362   -1.60653    2.66988    0.00000 
     363   -1.21406    3.52344    0.00000 
     364   -0.57563    4.47732    0.00000 
     365   -1.90012    1.93246    0.00000 
     366   -2.21013    0.58581    0.00000 
     367   -1.88650    2.23214    0.00000 
     368   -0.46570    4.75340    0.00000 
     369   -1.18228    3.82156    0.00000 
     370   -2.27273    0.00000    0.00000 
     371   -0.30189    4.99088    0.00000 
     372   -2.23223    0.89308    0.00000 
     373   -1.87288    2.53184    0.00000 
     374   -1.65131    3.08059    0.00000 
     375   -2.17885    1.48921    0.00000 
     376   -0.84490    4.43438    0.00000 
     377   -1.06921    4.15666    0.00000 
     378   -1.54306    3.42401    0.00000 
     379   -2.28728    1.22027    0.00000 
     380   -2.41290    0.24228    0.00000 
     381   -1.85926    2.83153    0.00000 
     382   -2.38761    0.74425    0.00000 
     383   -0.75184    4.71660    0.00000 
     384   -1.47857    3.71698    0.00000 
     385   -0.60268    4.96354    0.00000 
     386   -2.27297    1.78907    0.00000 
     387   -2.20332    2.11344    0.00000 
     388   -2.13923    2.39378    0.00000 
     389   -2.54157    0.48677    0.00000 
     390   -1.12749    4.42908    0.00000 
     391   -1.41534    4.00982    0.00000 
     392   -2.57576    0.00000    0.00000 
     393   -2.51798    0.98096    0.00000 
     394   -1.81285    3.33962    0.00000 
     395   -2.12561    2.69348    0.00000 
     396   -1.03524    4.66259    0.00000 
     397   -1.76447    3.62641    0.00000 
     398   -2.52565    1.52588    0.00000 
     399   -0.90128    4.91810    0.00000 
     400   -1.37325    4.30019    0.00000 
     401   -2.70467    0.23295    0.00000 
     402   -2.04293    3.13955    0.00000 
     403   -2.68757    0.74884    0.00000 
     404   -1.69961    3.91921    0.00000 
     405   -2.50195    2.00555    0.00000 
     406   -2.67961    1.26840    0.00000 
     407   -1.31487    4.59157    0.00000 
     408   -2.06249    3.42757    0.00000 
     409   -1.63038    4.20943    0.00000 
     410   -2.40587    2.61467    0.00000 
     411   -2.84154    0.49136    0.00000 
     412   -1.19658    4.85471    0.00000 
     413   -2.67165    1.78795    0.00000 
     414   -2.87879    0.00000    0.00000 
     415   -2.54416    2.28726    0.00000 
     416   -2.31765    2.95524    0.00000 
     417   -2.83358    1.01092    0.00000 
     418   -2.82561    1.53047    0.00000 
     419   -1.58970    4.50380    0.00000 
     420   -2.03863    3.78534    0.00000 
     421   -2.99550    0.23389    0.00000 
     422   -1.88157    4.10331    0.00000 
     423   -2.32514    3.25512    0.00000 
     424   -2.98754    0.75344    0.00000 
     425   -1.48752    4.77360    0.00000 
     426   -2.57366    2.79886    0.00000 
     427   -2.97958    1.27299    0.00000 
     428   -2.81766    2.05003    0.00000 
     429   -2.73491    2.55941    0.00000 
     430   -1.85873    4.39960    0.00000 
     431   -2.33382    3.55458    0.00000 
     432   -3.14150    0.49596    0.00000 
     433   -2.97162    1.79255    0.00000 
     434   -3.18182    0.00000    0.00000 
     435   -2.58106    3.09876    0.00000 
     436   -3.13354    1.01551    0.00000 
     437   -2.16601    4.01973    0.00000 
     438   -1.77302    4.67508    0.00000 
     439   -3.12558    1.53507    0.00000 
     440   -2.95754    2.31471    0.00000 
     441   -3.29547    0.23848    0.00000 
     442   -2.36245    3.84659    0.00000 
     443   -2.12098    4.27935    0.00000 
     444   -2.58815    3.39858    0.00000 
     445   -2.82283    2.83438    0.00000 
     446   -3.30057    0.75917    0.00000 
     447   -3.11762    2.05462    0.00000 
     448   -3.29261    1.27873    0.00000 
     449   -2.05206    4.55950    0.00000 
     450   -2.59039    3.69694    0.00000 
     451   -3.03658    2.60409    0.00000 
     452   -3.44147    0.50056    0.00000 
     453   -2.37549    4.14348    0.00000 
     454   -3.27158    1.79714    0.00000 
     455   -3.48485    0.00000    0.00000 
     456   -2.88529    3.18747    0.00000 
     457   -2.32362    4.42728    0.00000 
     458   -3.42554    1.53967    0.00000 
     459   -2.80888    3.53379    0.00000 
     460   -3.51189    1.02693    0.00000 
     461   -3.24764    2.39103    0.00000 
     462   -2.62134    3.99249    0.00000 
     463   -3.11668    2.89277    0.00000 
     464   -3.58747    0.76263    0.00000 
     465   -3.64120    0.26060    0.00000 
     466   -3.41911    2.07647    0.00000 
     467   -3.57951    1.28219    0.00000 
     468   -2.58669    4.27891    0.00000 
     469   -2.85761    3.82693    0.00000 
     470   -3.06506    3.38457    0.00000 
     471   -3.57154    1.80172    0.00000 
     472   -3.78788    0.00000    0.00000 
     473   -3.38839    2.64691    0.00000 
     474   -3.21435    3.16945    0.00000 
     475   -3.79962    0.51869    0.00000 
     476   -2.84032    4.11492    0.00000 
     477   -3.72548    1.54434    0.00000 
     478   -3.08347    3.64741    0.00000 
     479   -3.58175    2.32808    0.00000 
     480   -3.81669    1.19789    0.00000 
     481   -3.39985    2.96959    0.00000 
     482   -3.94017    0.25398    0.00000 
     483   -3.89894    0.89464    0.00000 
     484   -3.71840    2.06285    0.00000 
     485   -3.29807    3.45458    0.00000 
     486   -3.08359    3.93592    0.00000 
     487   -3.60326    2.80470    0.00000 
     488   -3.87109    1.80652    0.00000 
     489   -4.09091    0.00000    0.00000 
     490   -3.73301    2.53813    0.00000 
     491   -3.50063    3.24915    0.00000 
     492   -3.31561    3.74255    0.00000 
     493   -4.03609    1.48151    0.00000 
     494   -4.14223    0.57585    0.00000 
     495   -4.10402    1.11303    0.00000 
     496   -3.87944    2.30811    0.00000 
     497   -3.69042    3.03186    0.00000 
     498   -4.19094    0.82761    0.00000 
     499   -4.23523    0.24101    0.00000 
     500   -3.53553    3.53553    0.00000 
     501   -4.01173    2.06966    0.00000 
     502   -3.86675    2.80350    0.00000 
     503   -4.12937    1.82366    0.00000 
     504   -3.74255    3.31561    0.00000 
     505   -4.02896    2.56492    0.00000 
     506   -4.39394    0.00000    0.00000 
     507   -4.31908    1.31263    0.00000 
     508   -4.28686    1.57248    0.00000 
     509   -4.39045    1.04945    0.00000 
     510   -3.93592    3.08359    0.00000 
     511   -4.17648    2.31698    0.00000 
     512   -4.44581    0.78245    0.00000 
     513   -4.46727    0.48113    0.00000 
     514   -4.52269    0.21568    0.00000 
     515   -4.30876    2.06058    0.00000 
     516   -4.11492    2.84032    0.00000 
     517   -4.42531    1.79666    0.00000 
     518   -4.27891    2.58669    0.00000 
     519   -4.52572    1.52619    0.00000 
     520   -4.60961    1.25015    0.00000 
     521   -4.69697    0.00000    0.00000 
     522   -4.42728    2.32362    0.00000 
     523   -4.67668    0.96955    0.00000 
     524   -4.73095    0.38638    0.00000 
     525   -4.72669    0.68541    0.00000 
     526   -4.55950    2.05206    0.00000 
     527   -4.67508    1.77302    0.00000 
     528   -4.77360    1.48752    0.00000 
     529   -4.85471    1.19658    0.00000 
     530   -4.91810    0.90128    0.00000 
     531   -4.96354    0.60268    0.00000 
     532   -4.99088    0.30189    0.00000 
     533   -5.00000    0.00000    0.00000 
STRUCTURE_ELEMENTS
       1      1     2       3
       2    181   198     183
       3    183   198     203
       4    181   183     166
       5    203   198     218
       6    183   203     187
       7    203   218     219
       8    219   218     233
       9    219   233     237
      10    237   233     252
      11    237   252     256
      12    219   237     224
      13    256   252     269
      14    256   269     271
      15    271   269     289
      16    271   289     291
      17    256   271     251
      18    291   289     308
      19    291   308     306
      20    271   291     272
      21    306   308     323
      22    306   323     322
      23    291   306     286
      24    322   323     341
      25    322   341     340
      26    306   322     301
      27    340   341     357
      28    340   357     354
      29    322   340     319
      30    354   357     371
      31    354   371     368
      32    340   354     334
      33    368   371     385
      34    368   385     383
      35    354   368     348
      36    383   385     399
      37    383   399     396
      38    368   383     364
      39    396   399     412
      40    396   412     407
      41    383   396     376
      42    407   412     425
      43    407   425     419
      44    396   407     390
      45    419   425     438
      46    419   438     430
      47    407   419     400
      48    430   438     449
      49    430   449     443
      50    419   430     409
      51    443   449     457
      52    443   457     453
      53    430   443     422
      54    453   457     468
      55    453   468     462
      56    443   453     437
      57    462   468     476
      58    462   476     469
      59    453   462     442
      60    469   476     486
      61    469   486     478
      62    462   469     450
      63    478   486     492
      64    478   492     485
      65    469   478     459
      66    485   492     500
      67    485   500     491
      68    478   485     470
      69    491   500     504
      70    491   504     497
      71    485   491     474
      72    497   504     510
      73    497   510     502
      74    491   497     481
      75    502   510     516
      76    502   516     505
      77    497   502     487
      78    505   516     518
      79    505   518     511
      80    502   505     490
      81    511   518     522
      82    511   522     515
      83    505   511     496
      84    515   522     526
      85    515   526     517
      86    511   515     501
      87    517   526     527
      88    517   527     519
      89    515   517     503
      90    519   527     528
      91    519   528     520
      92    517   519     508
      93    520   528     529
      94    520   529     523
      95    519   520     507
      96    523   529     530
      97    523   530     525
      98    520   523     509
      99    525   530     531
     100    525   531     524
     101    523   525     512
     102    524   531     532
     103    524   532     521
     104    525   524     513
     105    237   256     236
     106    203   219     204
     107    286   306     301
     108    286   301     283
     109    283   301     307
     110    286   283     261
     111    400   419     409
     112    400   409     391
     113    391   409     404
     114    400   391     377
     115    474   491     481
     116    474   481     463
     117    463   481     473
     118    474   463     456
     119    507   520     509
     120    507   509     495
     121    495   509     498
     122    507   495     493
     123    348   368     364
     124    348   364     343
     125    343   364     359
     126    348   343     327
     127    442   462     450
     128    442   450     431
     129    431   450     444
     130    442   431     420
     131    496   511     501
     132    496   501     484
     133    484   501     488
     134    496   484     479
     135    319   340     334
     136    319   334     307
     137    319   307     301
     138    319   301     322
     139    422   443     437
     140    422   437     420
     141    420   437     442
     142    442   437     453
     143    487   502     490
     144    487   490     473
     145    487   473     481
     146    487   481     497
     147    512   525     513
     148    512   494     498
     149    512   498     509
     150    512   509     523
     151    376   396     390
     152    376   390     377
     153    377   390     400
     154    400   390     407
     155    459   478     470
     156    459   470     456
     157    456   470     474
     158    474   470     485
     159    503   517     508
     160    503   508     493
     161    493   508     507
     162    507   508     519
     163    409   430     422
     164    409   422     404
     165    404   422     420
     166    364   383     376
     167    364   376     359
     168    359   376     377
     169    450   469     459
     170    450   459     444
     171    444   459     456
     172    501   515     503
     173    501   503     488
     174    488   503     493
     175    334   354     348
     176    334   348     327
     177    334   327     307
     178    490   505     496
     179    490   496     479
     180    490   479     473
     181    513   524     514
     182    291   286     272
     183    272   286     261
     184    272   261     251
     185    272   251     271
     186    256   251     236
     187    236   251     234
     188    234   251     261
     189    236   234     213
     190    237   236     224
     191    224   236     213
     192    224   213     204
     193    224   204     219
     194    377   391     369
     195    493   495     480
     196    420   431     408
     197    261   283     263
     198    456   463     445
     199    327   343     320
     200    479   484     466
     201    213   234     214
     202    283   307     281
     203    463   473     451
     204    343   359     337
     205    484   488     471
     206    391   404     384
     207    495   498     483
     208    431   444     423
     209    203   204     187
     210    187   204     190
     211    190   204     213
     212    187   190     170
     213    514   524     521
     214    514   521     506
     215    514   506     499
     216    499   506     489
     217    514   499     513
     218    499   489     482
     219    482   489     472
     220    499   482     494
     221    482   472     465
     222    494   482     475
     223    499   494     513
     224    170   190     173
     225    187   170     168
     226    465   472     455
     227    482   465     475
     228    369   391     384
     229    445   463     451
     230    281   307     299
     231    384   404     397
     232    408   431     423
     233    466   484     471
     234    337   359     355
     235    423   444     435
     236    480   495     483
     237    320   343     337
     238    451   473     461
     239    483   498     494
     240    263   283     281
     241    214   234     241
     242    471   488     477
     243    377   369     355
     244    456   445     435
     245    420   408     397
     246    479   466     461
     247    493   480     477
     248    327   320     299
     249    261   263     241
     250    213   214     200
     251    173   190     200
     252    168   170     151
     253    494   475     483
     254    170   173     156
     255    187   168     183
     256    183   168     166
     257    166   168     148
     258    148   168     151
     259    148   151     134
     260    134   151     139
     261    148   134     135
     262    166   148     152
     263    139   151     156
     264    139   156     141
     265    141   156     159
     266    139   141     125
     267    134   139     122
     268    135   134     119
     269    148   135     152
     270    152   135     146
     271    159   156     173
     272    159   173     177
     273    177   173     200
     274    159   177     162
     275    141   159     145
     276    125   141     128
     277    139   125     122
     278    122   125     110
     279    110   125     112
     280    122   110     106
     281    112   125     128
     282    112   128     117
     283    117   128     136
     284    112   117     100
     285    110   112      96
     286    106   110      94
     287    122   106     119
     288    119   106     103
     289    162   177     184
     290    136   128     145
     291    136   145     154
     292    100   117     108
     293    159   162     145
     294    145   162     154
     295    154   162     174
     296    174   162     184
     297    174   184     191
     298    191   184     206
     299    174   191     179
     300    154   174     161
     301    206   184     195
     302    191   206     211
     303    174   179     161
     304    161   179     171
     305    171   179     189
     306    161   171     150
     307    117   136     126
     308    112   100      96
     309     96   100      86
     310     86   100      93
     311     96    86      82
     312    179   191     199
     313    103   106      89
     314    136   154     142
     315     86    93      76
     316     96    82      94
     317     94    82      79
     318    119   103     118
     319     93   100     108
     320     93   108      98
     321     98   108     114
     322     93    98      83
     323     82    86      73
     324    166   152     163
     325    163   152     146
     326    146   135     129
     327    166   163     181
     328    161   150     142
     329     93    83      76
     330     76    83      69
     331     69    83      75
     332     76    69      62
     333    171   189     180
     334     98   114     109
     335    189   179     199
     336    189   199     209
     337    209   199     221
     338    189   209     201
     339    221   199     211
     340    221   211     231
     341    209   221     228
     342    201   209     222
     343    189   201     180
     344    180   201     192
     345    192   201     212
     346    180   192     172
     347    150   171     160
     348    114   108     126
     349    114   126     131
     350     83    98      91
     351     75    83      91
     352     75    91      85
     353     85    91      99
     354     75    85      71
     355     62    69      56
     356    212   201     222
     357    212   222     230
     358    230   222     243
     359    212   230     225
     360    172   192     185
     361     69    75      61
     362     76    62      73
     363     73    62      60
     364    192   212     207
     365    180   172     160
     366    160   172     153
     367     79    82      68
     368     71    85      81
     369    225   230     246
     370     99    91     109
     371     99   109     115
     372    243   222     228
     373    243   228     249
     374     94    79      89
     375     94    89     106
     376     89    79      78
     377     78    79      65
     378     89    78      90
     379     75    71      61
     380     61    71      59
     381     59    71      67
     382     61    59      49
     383    212   225     207
     384    207   225     217
     385    217   225     239
     386    207   217     196
     387     85    99      95
     388    230   243     254
     389    134   122     119
     390     73    60      68
     391     73    68      82
     392     68    60      55
     393     55    60      48
     394     68    55      65
     395     65    55      53
     396    217   239     229
     397     53    55      44
     398    221   231     242
     399     59    67      54
     400    135   119     118
     401    160   153     143
     402    207   196     185
     403    185   196     178
     404    114   131     124
     405     61    49      56
     406     56    49      41
     407    153   172     165
     408    196   217     210
     409     65    53      64
     410    131   126     142
     411    142   126     136
     412    131   142     150
     413    131   150     143
     414    131   143     124
     415    124   143     133
     416     49    59      47
     417    231   211     226
     418     60    62      50
     419     67    71      81
     420     67    81      77
     421     77    81      92
     422     67    77      63
     423     92    81      95
     424     92    95     107
     425     77    92      88
     426     67    63      54
     427     54    63      51
     428     51    63      58
     429     51    58      46
     430     54    51      40
     431     63    77      74
     432    239   225     246
     433    239   246     259
     434    259   246     267
     435    239   259     248
     436    267   246     254
     437    267   254     277
     438    259   267     279
     439    248   259     273
     440    239   248     229
     441    229   248     247
     442    247   248     268
     443    229   247     227
     444    110    96      94
     445    249   228     242
     446    242   228     221
     447    249   242     264
     448    264   242     250
     449    249   264     275
     450    178   196     193
     451    206   195     214
     452    150   160     143
     453     40    51      46
     454    154   161     142
     455     55    48      44
     456     44    48      37
     457     37    48      39
     458     44    37      35
     459     39    48      50
     460     39    50      41
     461     41    50      56
     462     56    50      62
     463     39    41      30
     464     37    39      29
     465     44    35      42
     466     39    30      29
     467     29    30      22
     468     22    30      28
     469     29    22      21
     470     28    30      38
     471     22    28      20
     472     21    22      15
     473     35    37      27
     474     30    41      38
     475     38    41      49
     476     38    49      47
     477     29    21      27
     478     27    21      19
     479     19    21      14
     480     27    19      26
     481     14    21      15
     482     14    15       9
     483      9    15      12
     484     14     9       8
     485     12    15      20
     486     12    20      17
     487      9    12       7
     488      8     9       4
     489     14     8      13
     490     19    14      13
     491     19    13      18
     492     18    13      16
     493     19    18      26
     494     26    18      23
     495     27    26      35
     496     92   107     104
     497     98   109      91
     498    107    95     111
     499    268   248     273
     500    268   273     288
     501    288   273     295
     502    268   288     284
     503    295   273     279
     504    295   279     302
     505    288   295     311
     506    284   288     305
     507    268   284     262
     508    128   141     145
     509     73    86      76
     510     90    78      80
     511    103    89      90
     512    103    90     105
     513    105    90      97
     514    103   105     118
     515    118   105     113
     516    171   180     160
     517    277   254     265
     518    191   211     199
     519    115   109     124
     520    124   109     114
     521    115   124     133
     522    115   133     127
     523    127   133     144
     524    115   127     111
     525    111   127     123
     526    115   111      99
     527    123   127     140
     528    111   123     107
     529    107   123     121
     530    121   123     137
     531    107   121     104
     532    104   121     116
     533    144   133     153
     534    127   144     140
     535    140   144     158
     536    123   140     137
     537    158   144     165
     538    140   158     155
     539    116   121     132
     540    104   116     102
     541    121   137     132
     542     65    79      68
     543    227   247     244
     544    243   249     265
     545    265   249     275
     546     78    65      64
     547    108   117     126
     548     48    60      50
     549     54    40      47
     550     47    40      36
     551    185   178     165
     552    185   165     172
     553    165   178     158
     554    211   206     226
     555    247   268     262
     556    247   262     244
     557    244   262     258
     558    258   262     278
     559    244   258     240
     560    184   177     195
     561    195   177     200
     562    195   200     214
     563    267   277     287
     564    229   227     210
     565    210   227     208
     566    299   307     327
     567    273   259     279
     568    278   262     284
     569    278   284     298
     570    298   284     305
     571    298   305     321
     572    278   298     296
     573    321   305     326
     574    298   321     316
     575    296   298     316
     576    296   316     314
     577    326   305     311
     578    316   321     338
     579    314   316     335
     580    278   296     276
     581    321   326     344
     582    296   314     294
     583    338   321     344
     584    316   338     335
     585    335   338     356
     586    314   335     332
     587    356   338     360
     588    335   356     352
     589    151   170     156
     590     88    92     104
     591     88   104     102
     592     88   102      87
     593    240   258     257
     594    461   473     479
     595    242   231     250
     596    250   231     245
     597    245   231     226
     598    245   226     241
     599    250   245     266
     600    266   245     263
     601    266   263     281
     602    266   281     282
     603    282   281     299
     604    266   282     250
     605    282   299     300
     606    300   299     320
     607    300   320     315
     608    315   320     337
     609    300   315     290
     610    290   315     303
     611    300   290     282
     612    303   315     331
     613    290   303     275
     614    331   315     337
     615    303   331     324
     616     15    22      20
     617      9     7       4
     618     80    78      64
     619    208   227     223
     620    355   359     377
     621    230   254     246
     622    178   193     175
     623    222   209     228
     624     64    53      52
     625    305   288     311
     626    477   488     493
     627    143   153     133
     628      8     4       5
     629    192   207     185
     630     36    40      32
     631    397   404     420
     632    279   267     287
     633    279   287     302
     634    302   287     312
     635    312   287     297
     636    302   312     325
     637    297   287     277
     638    297   277     285
     639    285   277     265
     640    285   265     275
     641    297   285     309
     642    309   285     303
     643    309   303     324
     644    309   324     318
     645    318   324     342
     646    309   318     297
     647    342   324     345
     648    318   342     336
     649    345   324     331
     650    345   331     355
     651    342   345     363
     652    336   342     358
     653    318   336     312
     654    363   345     369
     655    342   363     358
     656    336   358     349
     657    312   297     318
     658    302   325     317
     659    349   358     374
     660    325   312     336
     661    363   369     384
     662    336   349     325
     663     47    36      38
     664    210   217     229
     665    264   250     282
     666    311   295     317
     667    241   234     261
     668     27    37      29
     669     69    61      56
     670     74    77      88
     671    102   116     120
     672    435   444     456
     673     20    28      25
     674    155   158     175
     675     44    42      53
     676     53    42      52
     677     52    42      43
     678     43    42      31
     679     52    43      57
     680     31    42      35
     681     31    35      26
     682     26    23      31
     683     23    33      31
     684     43    31      33
     685    278   276     258
     686    258   276     257
     687    257   276     274
     688    274   276     294
     689    274   294     293
     690    293   294     313
     691    274   293     270
     692    257   274     255
     693    294   276     296
     694    313   294     314
     695    313   314     332
     696    313   332     330
     697    330   332     351
     698    313   330     310
     699    293   313     310
     700    293   310     292
     701    292   310     304
     702    293   292     270
     703    270   292     280
     704    280   292     304
     705    274   270     255
     706    255   270     253
     707    253   270     260
     708    255   253     232
     709    330   351     346
     710    351   332     352
     711    352   332     335
     712    310   330     329
     713    257   255     235
     714    232   253     238
     715    255   232     235
     716    235   232     216
     717    216   232     215
     718    235   216     220
     719    220   216     202
     720    235   220     240
     721    240   220     223
     722    240   223     244
     723    244   223     227
     724    346   351     366
     725    329   330     346
     726    220   202     205
     727    310   329     304
     728    202   216     197
     729    210   208     193
     730    210   193     196
     731    193   208     188
     732    188   208     205
     733    205   208     223
     734    205   223     220
     735    193   188     175
     736    175   188     169
     737    169   188     186
     738    175   169     155
     739    186   188     205
     740    169   186     167
     741    167   186     182
     742    169   167     149
     743     63    72      58
     744    153   165     144
     745    295   302     317
     746    451   461     440
     747      7    12      11
     748      7    11       6
     749      7     6       4
     750     85    95      81
     751    275   264     290
     752     90    80      97
     753    337   355     331
     754     28    38      36
     755     28    36      25
     756     25    36      32
     757     25    32      24
     758    471   477     458
     759     13     8      10
     760    384   397     378
     761    254   243     265
     762    214   241     226
     763     59    54      47
     764    140   155     137
     765     95    99     111
     766    423   435     416
     767    344   326     347
     768    213   200     190
     769    116   132     130
     770    356   360     375
     771    167   182     164
     772    344   347     365
     773    375   360     386
     774    164   182     176
     775    365   347     367
     776    386   360     365
     777    367   347     353
     778    365   367     387
     779    353   347     333
     780    367   353     373
     781    387   367     388
     782    333   347     326
     783    373   353     362
     784    388   367     373
     785    362   353     339
     786    373   362     381
     787    339   353     333
     788    362   339     349
     789    381   362     374
     790    339   333     317
     791    339   317     325
     792    317   333     311
     793    311   333     326
     794    339   325     349
     795    202   197     182
     796    182   197     176
     797    202   182     186
     798    202   186     205
     799    416   435     426
     800    426   435     445
     801    426   445     429
     802    429   445     451
     803    426   429     410
     804    410   429     415
     805    426   410     416
     806    415   429     440
     807    410   415     388
     808     64    52      66
     809     66    52      57
     810     64    66      80
     811    167   164     147
     812    147   164     157
     813    167   147     149
     814    240   257     235
     815    378   397     394
     816    394   397     408
     817    394   408     402
     818    402   408     423
     819    394   402     374
     820    378   394     374
     821    378   374     358
     822    178   175     158
     823    116   130     120
     824    169   149     155
     825    387   388     415
     826    471   458     454
     827    454   458     439
     828    471   454     466
     829    439   458     448
     830    454   439     433
     831    448   458     467
     832    439   448     427
     833    433   439     418
     834    467   458     477
     835    439   427     418
     836    467   477     480
     837    467   480     460
     838    460   480     483
     839    467   460     448
     840    418   427     406
     841    406   427     417
     842    418   406     398
     843    417   427     436
     844    398   406     379
     845    418   398     413
     846    436   427     448
     847    379   406     393
     848    413   398     386
     849    436   448     460
     850    393   406     417
     851    393   417     403
     852    403   417     424
     853    393   403     382
     854    424   417     436
     855    403   424     411
     856    382   403     389
     857    424   436     446
     858    411   424     432
     859    389   403     411
     860    382   389     366
     861    382   366     372
     862    372   366     351
     863    372   351     352
     864    372   352     379
     865    382   372     393
     866    446   436     460
     867    432   424     446
     868    432   446     452
     869    452   446     464
     870    432   452     441
     871    464   446     460
     872    464   460     483
     873    441   452     465
     874    432   441     421
     875    421   441     434
     876    434   441     455
     877    421   434     414
     878    421   414     401
     879    401   414     392
     880    401   392     380
     881    421   401     411
     882    380   392     370
     883    380   370     361
     884    401   380     389
     885    389   380     366
     886    411   401     389
     887    361   370     350
     888    380   361     366
     889    361   350     329
     890    432   421     411
     891    454   433     447
     892    447   433     428
     893    454   447     466
     894    428   433     413
     895    447   428     440
     896    440   428     415
     897    413   433     418
     898    428   413     405
     899    405   413     386
     900    428   405     415
     901    415   405     387
     902    398   379     375
     903    379   393     372
     904    452   464     475
     905    375   386     398
     906    423   416     402
     907    352   356     379
     908    130   132     147
     909    388   373     395
     910    395   373     381
     911    388   395     410
     912    395   381     402
     913     32    40      46
     914    344   365     360
     915    349   374     362
     916    384   378     363
     917    440   461     447
     918    356   375     379
     919    346   366     361
     920    346   361     329
     921    451   440     429
     922    360   338     344
     923    197   216     215
     924    365   387     386
     925     20    25      17
     926    149   147     132
     927    285   275     303
     928    137   155     149
     929    132   137     149
     930     57    70      66
     931     66    70      84
     932     16    23      18
     933    113   129     118
     934      5    10       8
     935     84    97      80
     936     33    45      43
     937     43    45      57
     938      2     5       4
     939     10    16      13
     940    532   533     521
     941     97   113     105
     942    466   447     461
     943    475   465     452
     944    215   194     197
     945     72    63      74
     946     72    74      87
     947    138   120     130
     948     24    17      25
     949    350   328     329
     950    329   328     304
     951    176   157     164
     952     46    34      32
     953     32    34      24
     954    260   238     253
     955    260   270     280
     956    101    87     102
     957    101   102     120
     958    194   176     197
     959     17    11      12
     960    157   138     147
     961    238   215     232
     962      6     3       4
     963     74    88      87
     964    465   455     441
     965    386   387     405
     966    358   363     378
     967    226   206     214
     968    138   130     147
     969    135   118     129
     970    475   464     483
     971    263   245     241
     972    402   416     395
     973    395   416     410
     974    494   512     513
     975     80    66      84
     976    369   345     355
     977    402   381     374
     978      4     3       2
     979    290   264     282
STRUCTURE_DIRICHLET_NODES
       1 NaN  0.0  NaN  
       3 NaN  0.0  NaN  
       6 NaN  0.0  NaN  
      11 NaN  0.0  NaN  
      17 NaN  0.0  NaN  
      24 NaN  0.0  NaN  
      34 NaN  0.0  NaN  
      46 NaN  0.0  NaN  
      58 NaN  0.0  NaN  
      72 NaN  0.0  NaN  
      87 NaN  0.0  NaN  
     101 NaN  0.0  NaN  
     120 NaN  0.0  NaN  
     138 NaN  0.0  NaN  
     157 NaN  0.0  NaN  
     176 NaN  0.0  NaN  
     194 NaN  0.0  NaN  
     215 NaN  0.0  NaN  
     238 NaN  0.0  NaN  
     260 NaN  0.0  NaN  
     280 NaN  0.0  NaN  
     304 NaN  0.0  NaN  
     328 NaN  0.0  NaN  
     350 NaN  0.0  NaN  
     370 NaN  0.0  NaN  
     392 NaN  0.0  NaN  
     414 NaN  0.0  NaN  
     434 NaN  0.0  NaN  
     455 NaN  0.0  NaN  
     472 NaN  0.0  NaN  
     489 NaN  0.0  NaN  
     506 NaN  0.0  NaN  
     521 NaN  0.0  NaN  
     533 NaN  0.0  NaN  
STRUCTURE_FORCE_NODES
     357 boundaryLoad computeConstantLoad
     371 boundaryLoad computeConstantLoad
     385 boundaryLoad computeConstantLoad
     399 boundaryLoad computeConstantLoad
     412 boundaryLoad computeConstantLoad
     425 boundaryLoad computeConstantLoad
     438 boundaryLoad computeConstantLoad
     449 boundaryLoad computeConstantLoad
     457 boundaryLoad computeConstantLoad
     468 boundaryLoad computeConstantLoad
     476 boundaryLoad computeConstantLoad
     486 boundaryLoad computeConstantLoad
     492 boundaryLoad computeConstantLoad
     500 boundaryLoad computeConstantLoad
     504 boundaryLoad computeConstantLoad
     510 boundaryLoad computeConstantLoad
     516 boundaryLoad computeConstantLoad
     518 boundaryLoad computeConstantLoad
     522 boundaryLoad computeConstantLoad
     526 boundaryLoad computeConstantLoad
     527 boundaryLoad computeConstantLoad
     528 boundaryLoad computeConstantLoad
     529 boundaryLoad computeConstantLoad
     530 boundaryLoad computeConstantLoad
     531 boundaryLoad computeConstantLoad
     532 boundaryLoad computeConstantLoad
     533 boundaryLoad computeConstantLoad
STRUCTURE_CONTACT_NODES
       1 
       2 
       3 
       5 
       6 
      10 
      11 
      16 
      17 
      23 
      24 
      33 
      34 
      45 
      46 
      57 
      58 
      70 
      72 
      84 
      87 
      97 
     101 
     113 
     120 
     129 
     138 
     146 
     157 
     163 
     176 
     181 
     194 
     198 
     215 
     218 
     233 
     238 
     252 
     260 
     269 
     280 
     289 
     304 
     308 
     323 
     328 
     341 
     350 
     357 
     370 
     371 
     385 
     392 
     399 
     412 
     414 
     425 
     434 
     438 
     449 
     455 
     457 
     468 
     472 
     476 
     486 
     489 
     492 
     500 
     504 
     506 
     510 
     516 
     518 
     521 
     522 
     526 
     527 
     528 
     529 
     530 
     531 
     532 
     533 
%%%%%%%%%%%%%%%%%%%%%%%%%%%%%%%%%%%%%%%%%%%%%%%%%%%%%%%%%%%%%%%%%%%%%%%%%%%
%                                                                         %
%   Fluid Boundary Value Problem                                          %
%                                                                         %
%%%%%%%%%%%%%%%%%%%%%%%%%%%%%%%%%%%%%%%%%%%%%%%%%%%%%%%%%%%%%%%%%%%%%%%%%%%

FLUID_ANALYSIS
 ANALYSIS_TYPE,NAVIER_STOKES_2D

FLUID_MATERIAL_PROPERTIES

FLUID_NLINEAR_SCHEME
 NLINEAR_SCHEME,newtonRapshon
 NO_LOAD_STEPS,1
 TOLERANCE,1e-5
 MAX_ITERATIONS,10

FLUID_TRANSIENT_ANALYSIS
 SOLVER STEADY_STATE
 TIME_INTEGRATION BOSSAK
 ALPHA_BETA -0.1
 GAMMA 0.6
 START_TIME 0
 END_TIME 10
 NUMBER_OF_TIME_STEPS 1e3
 ADAPTIVE_TIME_STEPPING false
 
FLUID_INTEGRATION
 DOMAIN default
 domainNoGP 1
 boundaryNoGP 1
        
FLUID_ELEMENTS


FLUID_DIRICHLET_NODES

FLUID_DIRICHLET_ALE_NODES
FLUID_POST_PROC_NODES

FLUID_NODES

