%%%%%%%%%%%%%%%%%%%%%%%%%%%%%%%%%%%%%%%%%%%%%%%%%%%%%%%%%%%%%%%%%%%%%%%%%%%
%                                                                         %
%   License:        BSD License                                           %
%                   cane Multiphysics default license: cane/license.txt   %
%                                                                         %
%   Main authors:   Andreas Apostolatos                                   %
%                   Marko Leskovar                                        %
%                                                                         %
%%%%%%%%%%%%%%%%%%%%%%%%%%%%%%%%%%%%%%%%%%%%%%%%%%%%%%%%%%%%%%%%%%%%%%%%%%%

%%%%%%%%%%%%%%%%%%%%%%%%%%%%%%%%%%%%%%%%%%%%%%%%%%%%%%%%%%%%%%%%%%%%%%%%%%%
%                                                                         %
%   Matlab Input File                                                     %
%   _________________                                                     %
%                                                                         %
%   cane Multiphysics                                                     %
%                                                                         %
%%%%%%%%%%%%%%%%%%%%%%%%%%%%%%%%%%%%%%%%%%%%%%%%%%%%%%%%%%%%%%%%%%%%%%%%%%%

%%%%%%%%%%%%%%%%%%%%%%%%%%%%%%%%%%%%%%%%%%%%%%%%%%%%%%%%%%%%%%%%%%%%%%%%%%%
%                                                                         %
%   Structural Boundary Value Problem                                     %
%                                                                         %
%%%%%%%%%%%%%%%%%%%%%%%%%%%%%%%%%%%%%%%%%%%%%%%%%%%%%%%%%%%%%%%%%%%%%%%%%%%

STRUCTURE_ANALYSIS
 ANALYSIS_TYPE,planeStrain

STRUCTURE_MATERIAL_PROPERTIES
 DENSITY,1.0
 YOUNGS_MODULUS,1e5
 POISSON_RATIO,0.3
 THICKNESS,1.0

STRUCTURE_NLINEAR_SCHEME
 NLINEAR_SCHEME,NEWTON_RAPHSON
 NO_LOAD_STEPS,1
 TOLERANCE,1e-9
 MAX_ITERATIONS,100

STRUCTURE_TRANSIENT_ANALYSIS
 SOLVER STEADY_STATE
 TIME_INTEGRATION EXPLICIT_EULER
 ALPHA_BETA -0.1
 GAMMA 0.6
 START_TIME 0
 END_TIME 10
 NUMBER_OF_TIME_STEPS 100
 ADAPTIVE_TIME_STEPPING true
 
STRUCTURE_INTEGRATION
 DOMAIN default
 domainNoGP 1
 boundaryNoGP 1

STRUCTURE_NODES
       1   -5.00000    0.00000    0.00000 
       2   -4.97592    0.49009    0.00000 
       3   -4.50000    0.00000    0.00000 
       4   -4.37656    0.62165    0.00000 
       5   -4.90393    0.97545    0.00000 
       6   -4.00000    0.00000    0.00000 
       7   -4.50192    1.15165    0.00000 
       8   -3.73912    0.60877    0.00000 
       9   -4.78470    1.45142    0.00000 
      10   -4.01503    1.12560    0.00000 
      11   -3.50000    0.00000    0.00000 
      12   -4.29435    1.53654    0.00000 
      13   -3.15723    0.63050    0.00000 
      14   -4.61940    1.91342    0.00000 
      15   -3.80865    1.57760    0.00000 
      16   -3.00000    0.00000    0.00000 
      17   -3.38769    1.25935    0.00000 
      18   -4.12306    1.95006    0.00000 
      19   -3.35771    1.76835    0.00000 
      20   -4.40961    2.35698    0.00000 
      21   -2.61978    0.61204    0.00000 
      22   -2.50000    0.00000    0.00000 
      23   -2.70943    1.19409    0.00000 
      24   -3.97376    2.40890    0.00000 
      25   -3.51540    2.24263    0.00000 
      26   -2.86787    1.66832    0.00000 
      27   -4.15735    2.77785    0.00000 
      28   -3.02632    2.14250    0.00000 
      29   -2.21951    1.09419    0.00000 
      30   -2.00000    0.00000    0.00000 
      31   -2.06106    0.61996    0.00000 
      32   -3.66340    2.71696    0.00000 
      33   -2.37796    1.56842    0.00000 
      34   -3.18670    2.61526    0.00000 
      35   -2.53641    2.04265    0.00000 
      36   -3.86505    3.17197    0.00000 
      37   -1.72959    0.99430    0.00000 
      38   -2.69174    2.55019    0.00000 
      39   -1.88804    1.46853    0.00000 
      40   -3.37945    3.06296    0.00000 
      41   -1.57114    0.52007    0.00000 
      42   -1.50000    0.00000    0.00000 
      43   -2.04649    1.94276    0.00000 
      44   -2.88536    3.01034    0.00000 
      45   -2.19576    2.48729    0.00000 
      46   -3.53553    3.53553    0.00000 
      47   -1.39812    1.36863    0.00000 
      48   -3.13785    3.42746    0.00000 
      49   -1.55656    1.84286    0.00000 
      50   -2.38943    2.94821    0.00000 
      51   -1.11647    0.91351    0.00000 
      52   -1.00000    0.00000    0.00000 
      53   -1.62122    2.42687    0.00000 
      54   -1.89339    2.88549    0.00000 
      55   -0.75000    0.43301    0.00000 
      56   -3.17197    3.86505    0.00000 
      57   -2.71696    3.66340    0.00000 
      58   -1.00000    1.73205    0.00000 
      59   -2.29031    3.42770    0.00000 
      60   -1.22509    2.21720    0.00000 
      61   -0.75000    1.29904    0.00000 
      62   -0.50000    0.00000    0.00000 
      63   -0.50000    0.86603    0.00000 
      64   -1.80939    3.33578    0.00000 
      65   -1.40277    2.97196    0.00000 
      66   -2.77785    4.15735    0.00000 
      67   -2.34480    3.91207    0.00000 
      68   -1.06433    2.64253    0.00000 
      69   -0.25000    0.43301    0.00000 
      70   -0.50000    1.73205    0.00000 
      71   -0.65385    2.30943    0.00000 
      72   -0.25000    1.29904    0.00000 
      73    0.00000    0.00000    0.00000 
      74   -1.32599    3.46276    0.00000 
      75   -1.67701    3.81773    0.00000 
      76    0.00000    0.86603    0.00000 
      77   -0.92853    3.13027    0.00000 
      78   -2.35698    4.40961    0.00000 
      79   -1.96575    4.21063    0.00000 
      80   -0.55455    2.79943    0.00000 
      81    0.25000    0.43301    0.00000 
      82    0.01187    1.78282    0.00000 
      83    0.25000    1.29904    0.00000 
      84   -0.17878    2.46965    0.00000 
      85   -1.19669    3.94495    0.00000 
      86    0.50000    0.00000    0.00000 
      87   -1.53654    4.29435    0.00000 
      88   -0.82129    3.61586    0.00000 
      89   -1.91342    4.61940    0.00000 
      90    0.50000    0.86603    0.00000 
      91   -0.45732    3.28919    0.00000 
      92    0.25000    2.16506    0.00000 
      93    0.50000    1.73205    0.00000 
      94    0.75000    0.43301    0.00000 
      95    0.03278    2.99869    0.00000 
      96   -1.10822    4.42428    0.00000 
      97    0.75000    1.29904    0.00000 
      98   -0.39512    3.77428    0.00000 
      99   -1.45142    4.78470    0.00000 
     100    1.00000    0.00000    0.00000 
     101   -0.64833    4.15384    0.00000 
     102    1.00000    0.86603    0.00000 
     103    0.50000    2.59808    0.00000 
     104    0.75000    2.16506    0.00000 
     105    1.00000    1.73205    0.00000 
     106    1.25000    0.43301    0.00000 
     107    0.12336    3.60716    0.00000 
     108   -0.70484    4.59312    0.00000 
     109   -0.97545    4.90393    0.00000 
     110    1.27717    1.33367    0.00000 
     111   -0.08837    4.16889    0.00000 
     112    1.50000    0.00000    0.00000 
     113    1.50000    0.86603    0.00000 
     114   -0.22380    4.55547    0.00000 
     115    0.76399    3.22867    0.00000 
     116    1.25000    2.16506    0.00000 
     117    1.12786    2.63240    0.00000 
     118   -0.49009    4.97592    0.00000 
     119    1.75000    0.43301    0.00000 
     120    0.40407    4.10261    0.00000 
     121    1.55696    1.82670    0.00000 
     122    0.71751    3.72646    0.00000 
     123    0.22380    4.55547    0.00000 
     124    2.00000    0.00000    0.00000 
     125    1.85608    1.41217    0.00000 
     126    1.62414    2.32213    0.00000 
     127    1.31514    3.13032    0.00000 
     128    0.00000    5.00000    0.00000 
     129    2.01768    0.88488    0.00000 
     130    1.17175    3.51795    0.00000 
     131    0.66923    4.51160    0.00000 
     132    1.69176    2.81749    0.00000 
     133    2.25000    0.43301    0.00000 
     134    2.01955    2.01637    0.00000 
     135    1.12560    4.01503    0.00000 
     136    2.25000    1.29904    0.00000 
     137    0.49009    4.97592    0.00000 
     138    2.50000    0.00000    0.00000 
     139    2.08686    2.51113    0.00000 
     140    2.50000    0.86603    0.00000 
     141    1.76835    3.35771    0.00000 
     142    1.57760    3.80865    0.00000 
     143    2.41603    1.71201    0.00000 
     144    1.15165    4.50192    0.00000 
     145    0.97545    4.90393    0.00000 
     146    2.14250    3.02632    0.00000 
     147    2.75000    0.43301    0.00000 
     148    2.48079    2.20763    0.00000 
     149    1.53654    4.29435    0.00000 
     150    3.00000    0.00000    0.00000 
     151    2.55019    2.69174    0.00000 
     152    2.88617    1.50857    0.00000 
     153    1.45142    4.78470    0.00000 
     154    2.24263    3.51540    0.00000 
     155    1.95006    4.12306    0.00000 
     156    3.14400    0.91635    0.00000 
     157    3.19798    0.37764    0.00000 
     158    3.01642    1.97025    0.00000 
     159    2.61526    3.18670    0.00000 
     160    2.91868    2.42540    0.00000 
     161    1.91342    4.61940    0.00000 
     162    2.40890    3.97376    0.00000 
     163    3.50000    0.00000    0.00000 
     164    3.01034    2.88536    0.00000 
     165    3.38615    1.51093    0.00000 
     166    2.71696    3.66340    0.00000 
     167    2.35698    4.40961    0.00000 
     168    3.59590    0.53882    0.00000 
     169    3.63818    1.07932    0.00000 
     170    3.06296    3.37945    0.00000 
     171    3.39143    2.48390    0.00000 
     172    2.77785    4.15735    0.00000 
     173    3.63568    1.94331    0.00000 
     174    3.37945    3.06296    0.00000 
     175    4.00000    0.00000    0.00000 
     176    3.88537    1.51372    0.00000 
     177    3.17197    3.86505    0.00000 
     178    4.04325    0.80425    0.00000 
     179    3.74623    2.74943    0.00000 
     180    3.91207    2.34480    0.00000 
     181    3.53553    3.53553    0.00000 
     182    4.12306    1.95006    0.00000 
     183    3.86505    3.17197    0.00000 
     184    4.42428    1.10822    0.00000 
     185    4.47456    0.56300    0.00000 
     186    4.50000    0.00000    0.00000 
     187    4.36736    1.58737    0.00000 
     188    4.15735    2.77785    0.00000 
     189    4.40961    2.35698    0.00000 
     190    4.61940    1.91342    0.00000 
     191    4.78470    1.45142    0.00000 
     192    4.90393    0.97545    0.00000 
     193    4.97592    0.49009    0.00000 
     194    5.00000    0.00000    0.00000 
STRUCTURE_ELEMENTS
       1    194   193     186
       2    181   177     170
       3    128   118     114
       4     46    36      40
       5    190   189     182
       6    161   153     149
       7     89    78      79
       8     14     9      12
       9    192   191     184
      10    172   167     162
      11    109    99      96
      12     27    20      24
      13    188   183     179
      14    145   137     131
      15     66    56      57
      16      5     2       4
      17    193   192     185
      18    177   172     166
      19    118   109     108
      20     36    27      32
      21    189   188     180
      22    153   145     144
      23     78    66      67
      24      9     5       7
      25    191   190     187
      26    167   161     155
      27     99    89      87
      28     20    14      18
      29    183   181     174
      30    137   128     123
      31     56    46      48
      32      2     1       3
      33    170   177     166
      34    170   166     159
      35    159   166     154
      36    170   159     164
      37    154   166     162
      38    154   162     155
      39    162   166     172
      40    155   162     167
      41    159   154     146
      42    164   159     151
      43    170   164     174
      44    174   171     179
      45    170   174     181
      46    174   179     183
      47    155   161     149
      48    155   149     142
      49    142   149     135
      50    155   142     154
      51    135   149     144
      52    135   144     131
      53    144   149     153
      54    131   144     145
      55    142   135     130
      56    131   137     123
      57    131   123     120
      58    120   123     111
      59    131   120     135
      60    111   123     114
      61    111   114     101
      62    114   123     128
      63    108   114     118
      64    120   111     107
      65     40    36      32
      66     40    32      34
      67     34    32      25
      68     40    34      44
      69     25    32      24
      70     25    24      18
      71     24    32      27
      72     18    24      20
      73     34    25      28
      74     44    34      38
      75     40    44      48
      76     48    44      57
      77     40    48      46
      78     48    57      56
      79     18    14      12
      80     18    12      15
      81     15    12      10
      82     18    15      25
      83     10    12       7
      84     10     7       4
      85      7    12       9
      86      4     7       5
      87     15    10      17
      88      4     2       3
      89     96    99      87
      90     96    87      85
      91     85    87      75
      92     96    85     101
      93     75    87      79
      94     75    79      67
      95     79    87      89
      96     67    79      78
      97     85    75      74
      98    101    85      88
      99     96   101     108
     100    108   101     114
     101     96   108     109
     102     67    66      57
     103     67    57      59
     104     59    57      44
     105     67    59      75
     106    182   189     180
     107    182   180     173
     108    173   180     171
     109    182   173     176
     110    171   180     179
     111    171   174     164
     112    179   180     188
     113    173   171     158
     114    176   173     165
     115    182   176     187
     116    187   176     184
     117    182   187     190
     118    187   184     191
     119    185   192     184
     120    185   184     178
     121    178   184     176
     122    185   178     175
     123    193   185     186
     124    146   154     141
     125     28    25      19
     126     88    85      74
     127    130   135     122
     128     17    10       8
     129    165   173     158
     130    151   159     146
     131     38    34      28
     132    158   171     160
     133    107   111      98
     134     74    75      64
     135    101    88      98
     136     98    88      91
     137    101    98     111
     138     91    88      77
     139     98    91     107
     140     77    88      74
     141     91    77      80
     142     80    77      68
     143     91    80      95
     144    142   130     141
     145    142   141     154
     146     15    17      19
     147     15    19      25
     148    176   165     169
     149    164   151     160
     150    160   151     148
     151    164   160     171
     152    148   151     139
     153    160   148     158
     154    139   151     146
     155    148   139     134
     156    134   139     126
     157    148   134     143
     158     44    38      50
     159    120   107     122
     160    120   122     135
     161    169   165     156
     162    143   134     125
     163     64    75      59
     164     64    59      50
     165     50    59      44
     166    126   139     132
     167      8    10       4
     168     95    80      84
     169     50    38      45
     170     68    77      65
     171    176   169     178
     172    178   169     168
     173    168   169     156
     174    178   168     175
     175    146   141     132
     176    146   132     139
     177     74    64      65
     178     74    65      77
     179    148   143     158
     180    130   122     115
     181    134   126     121
     182     28    19      26
     183     80    68      71
     184     17     8      13
     185     91    95     107
     186     52    62      55
     187    156   165     152
     188     28    26      35
     189     55    62      69
     190    152   165     158
     191     35    26      33
     192     69    62      73
     193     33    26      23
     194     35    33      43
     195     23    26      17
     196     33    23      29
     197     43    33      39
     198     29    23      21
     199     33    29      39
     200     21    23      13
     201     39    29      37
     202     37    29      31
     203     39    37      47
     204     31    29      21
     205     37    31      41
     206     47    37      51
     207     41    31      30
     208     37    41      51
     209     51    41      55
     210    150   163     157
     211    157   163     168
     212    157   168     156
     213    150   157     147
     214    147   157     156
     215    150   147     138
     216    138   147     133
     217    133   147     140
     218    138   133     124
     219    140   147     156
     220    133   140     129
     221    124   133     119
     222    129   140     136
     223    133   129     119
     224    136   140     152
     225    119   129     113
     226    113   129     125
     227    119   113     106
     228    106   113     102
     229    119   106     112
     230    102   113     110
     231    106   102      94
     232    112   106     100
     233    110   113     125
     234     94   102      90
     235    100   106      94
     236     90   102      97
     237     94    90      81
     238    100    94      86
     239     97   102     110
     240     81    90      76
     241     86    94      81
     242     97   110     105
     243     76    90      83
     244    105   110     121
     245     97   105      93
     246     83    90      97
     247     93   105     104
     248     97    93      83
     249    104   105     116
     250     83    93      82
     251    116   105     121
     252    116   121     126
     253    116   126     117
     254    117   126     132
     255    117   132     127
     256    116   117     104
     257    127   132     141
     258    117   127     115
     259     82    93      92
     260     83    82      72
     261     92    93     104
     262     72    82      70
     263     83    72      76
     264     92   104     103
     265     70    82      84
     266     76    72      63
     267     92   103      84
     268     63    72      61
     269     76    63      69
     270     61    72      70
     271     63    61      51
     272     69    63      55
     273     61    70      58
     274     55    63      51
     275     58    70      71
     276     61    58      47
     277     84    80      71
     278    129   136     125
     279    125   136     143
     280    143   136     152
     281     16    22      21
     282    125   134     121
     283     17    13      23
     284    130   115     127
     285    130   127     141
     286     39    47      49
     287     49    47      58
     288     39    49      43
     289     43    49      53
     290     53    49      60
     291     43    53      45
     292     60    49      58
     293     53    68      65
     294      6    11       8
     295    175   186     185
     296     73    86      81
     297     73    81      69
     298     69    81      76
     299     45    38      35
     300     30    42      41
     301    115   122     107
     302    156   152     140
     303    124   119     112
     304      3     6       4
     305    163   175     168
     306     71    68      60
     307     60    68      53
     308     95    84     103
     309     35    43      45
     310     22    30      31
     311     52    55      41
     312     47    51      61
     313     11    16      13
     314     50    45      54
     315     54    45      53
     316     50    54      64
     317     64    54      65
     318     65    54      53
     319     13     8      11
     320     31    21      22
     321     82    92      84
     322     42    52      41
     323     28    35      38
     324    103   104     117
     325     26    19      17
     326     84    71      70
     327    125   121     110
     328    143   152     158
     329     60    58      71
     330     21    13      16
     331     95   103     115
     332    115   103     117
     333    107    95     115
     334      6     8       4
STRUCTURE_DIRICHLET_NODES
       1 NaN  0.0  NaN  
       3 NaN  0.0  NaN  
       6 NaN  0.0  NaN  
      11 NaN  0.0  NaN  
      16 NaN  0.0  NaN  
      22 NaN  0.0  NaN  
      30 NaN  0.0  NaN  
      42 NaN  0.0  NaN  
      52 NaN  0.0  NaN  
      62 NaN  0.0  NaN  
      73 NaN  0.0  NaN  
      86 NaN  0.0  NaN  
     100 NaN  0.0  NaN  
     112 NaN  0.0  NaN  
     124 NaN  0.0  NaN  
     138 NaN  0.0  NaN  
     150 NaN  0.0  NaN  
     163 NaN  0.0  NaN  
     175 NaN  0.0  NaN  
     186 NaN  0.0  NaN  
     194 NaN  0.0  NaN  
STRUCTURE_FORCE_NODES
       1 boundaryLoad computeConstantLoad
       2 boundaryLoad computeConstantLoad
       5 boundaryLoad computeConstantLoad
       9 boundaryLoad computeConstantLoad
      14 boundaryLoad computeConstantLoad
      20 boundaryLoad computeConstantLoad
      27 boundaryLoad computeConstantLoad
      36 boundaryLoad computeConstantLoad
      46 boundaryLoad computeConstantLoad
      56 boundaryLoad computeConstantLoad
      66 boundaryLoad computeConstantLoad
      78 boundaryLoad computeConstantLoad
      89 boundaryLoad computeConstantLoad
      99 boundaryLoad computeConstantLoad
     109 boundaryLoad computeConstantLoad
     118 boundaryLoad computeConstantLoad
     128 boundaryLoad computeConstantLoad
STRUCTURE_CONTACT_NODES
       1 
       2 
       3 
       5 
       6 
       9 
      11 
      14 
      16 
      20 
      22 
      27 
      30 
      36 
      42 
      46 
      52 
      56 
      62 
      66 
      73 
      78 
      86 
      89 
      99 
     100 
     109 
     112 
     118 
     124 
     128 
     137 
     138 
     145 
     150 
     153 
     161 
     163 
     167 
     172 
     175 
     177 
     181 
     183 
     186 
     188 
     189 
     190 
     191 
     192 
     193 
     194 
%%%%%%%%%%%%%%%%%%%%%%%%%%%%%%%%%%%%%%%%%%%%%%%%%%%%%%%%%%%%%%%%%%%%%%%%%%%
%                                                                         %
%   Fluid Boundary Value Problem                                          %
%                                                                         %
%%%%%%%%%%%%%%%%%%%%%%%%%%%%%%%%%%%%%%%%%%%%%%%%%%%%%%%%%%%%%%%%%%%%%%%%%%%

FLUID_ANALYSIS
 ANALYSIS_TYPE,NAVIER_STOKES_2D

FLUID_MATERIAL_PROPERTIES

FLUID_NLINEAR_SCHEME
 NLINEAR_SCHEME,newtonRapshon
 NO_LOAD_STEPS,1
 TOLERANCE,1e-5
 MAX_ITERATIONS,10

FLUID_TRANSIENT_ANALYSIS
 SOLVER STEADY_STATE
 TIME_INTEGRATION BOSSAK
 ALPHA_BETA -0.1
 GAMMA 0.6
 START_TIME 0
 END_TIME 10
 NUMBER_OF_TIME_STEPS 1e3
 ADAPTIVE_TIME_STEPPING false
 
FLUID_INTEGRATION
 DOMAIN default
 domainNoGP 1
 boundaryNoGP 1
        
FLUID_ELEMENTS


FLUID_DIRICHLET_NODES

FLUID_DIRICHLET_ALE_NODES
FLUID_POST_PROC_NODES

FLUID_NODES

