%%%%%%%%%%%%%%%%%%%%%%%%%%%%%%%%%%%%%%%%%%%%%%%%%%%%%%%%%%%%%%%%%%%%%%%%%%%
%                                                                         %
%   License:        BSD License                                           %
%                   cane Multiphysics default license: cane/license.txt   %
%                                                                         %
%   Main authors:   Andreas Apostolatos                                   %
%                   Marko Leskovar                                        %
%                                                                         %
%%%%%%%%%%%%%%%%%%%%%%%%%%%%%%%%%%%%%%%%%%%%%%%%%%%%%%%%%%%%%%%%%%%%%%%%%%%

%%%%%%%%%%%%%%%%%%%%%%%%%%%%%%%%%%%%%%%%%%%%%%%%%%%%%%%%%%%%%%%%%%%%%%%%%%%
%                                                                         %
%   Matlab Input File                                                     %
%   _________________                                                     %
%                                                                         %
%   cane Multiphysics                                                     %
%                                                                         %
%%%%%%%%%%%%%%%%%%%%%%%%%%%%%%%%%%%%%%%%%%%%%%%%%%%%%%%%%%%%%%%%%%%%%%%%%%%

%%%%%%%%%%%%%%%%%%%%%%%%%%%%%%%%%%%%%%%%%%%%%%%%%%%%%%%%%%%%%%%%%%%%%%%%%%%
%                                                                         %
%   Structural Boundary Value Problem                                     %
%                                                                         %
%%%%%%%%%%%%%%%%%%%%%%%%%%%%%%%%%%%%%%%%%%%%%%%%%%%%%%%%%%%%%%%%%%%%%%%%%%%

STRUCTURE_ANALYSIS
 ANALYSIS_TYPE,planeStrain

STRUCTURE_MATERIAL_PROPERTIES
 DENSITY,1.0
 YOUNGS_MODULUS,1e5
 POISSON_RATIO,0.3
 THICKNESS,1.0

STRUCTURE_NLINEAR_SCHEME
 NLINEAR_SCHEME,NEWTON_RAPHSON
 NO_LOAD_STEPS,1
 TOLERANCE,1e-9
 MAX_ITERATIONS,100

STRUCTURE_TRANSIENT_ANALYSIS
 SOLVER STEADY_STATE
 TIME_INTEGRATION EXPLICIT_EULER
 ALPHA_BETA -0.1
 GAMMA 0.6
 START_TIME 0
 END_TIME 10
 NUMBER_OF_TIME_STEPS 100
 ADAPTIVE_TIME_STEPPING true
 
STRUCTURE_INTEGRATION
 DOMAIN default
 domainNoGP 1
 boundaryNoGP 1

STRUCTURE_NODES
       1   -5.00000    0.00000    0.00000 
       2   -4.99573    0.20662    0.00000 
       3   -4.79221    0.00000    0.00000 
       4   -4.77510    0.29646    0.00000 
       5   -4.98292    0.41290    0.00000 
       6   -4.57537    0.00000    0.00000 
       7   -4.75877    0.49354    0.00000 
       8   -4.46104    0.23748    0.00000 
       9   -4.96160    0.61846    0.00000 
      10   -4.34671    0.00000    0.00000 
      11   -4.73431    0.68977    0.00000 
      12   -4.44025    0.55348    0.00000 
      13   -4.22625    0.25019    0.00000 
      14   -4.93181    0.82297    0.00000 
      15   -4.10580    0.00000    0.00000 
      16   -4.72519    0.90448    0.00000 
      17   -4.89358    1.02608    0.00000 
      18   -3.97903    0.26331    0.00000 
      19   -4.37938    0.91826    0.00000 
      20   -4.68687    1.06533    0.00000 
      21   -4.04859    0.57483    0.00000 
      22   -3.85226    0.00000    0.00000 
      23   -4.84700    1.22743    0.00000 
      24   -3.71899    0.27681    0.00000 
      25   -4.61264    1.27008    0.00000 
      26   -3.58572    0.00000    0.00000 
      27   -4.79214    1.42668    0.00000 
      28   -3.99632    1.13209    0.00000 
      29   -4.55621    1.45961    0.00000 
      30   -3.59993    0.62971    0.00000 
      31   -3.47391    0.24227    0.00000 
      32   -4.30347    1.45076    0.00000 
      33   -4.72909    1.62350    0.00000 
      34   -3.30584    0.00000    0.00000 
      35   -4.51911    1.63688    0.00000 
      36   -3.63420    1.16164    0.00000 
      37   -4.65796    1.81754    0.00000 
      38   -3.15907    0.30485    0.00000 
      39   -3.84224    1.49925    0.00000 
      40   -4.42012    1.83087    0.00000 
      41   -3.27948    0.96046    0.00000 
      42   -3.01230    0.00000    0.00000 
      43   -4.57887    2.00848    0.00000 
      44   -4.10172    1.85904    0.00000 
      45   -3.02547    0.65809    0.00000 
      46   -4.34068    2.01197    0.00000 
      47   -3.45654    1.51618    0.00000 
      48   -2.85856    0.31932    0.00000 
      49   -3.70531    1.81142    0.00000 
      50   -4.49195    2.19598    0.00000 
      51   -2.70483    0.00000    0.00000 
      52   -3.12839    1.32945    0.00000 
      53   -4.25383    2.18963    0.00000 
      54   -2.88788    1.01142    0.00000 
      55   -2.71747    0.67270    0.00000 
      56   -4.39737    2.37974    0.00000 
      57   -3.91770    2.21727    0.00000 
      58   -2.54401    0.33403    0.00000 
      59   -4.15971    2.36355    0.00000 
      60   -3.31602    1.88701    0.00000 
      61   -2.38320    0.00000    0.00000 
      62   -4.29527    2.55943    0.00000 
      63   -3.50716    2.22532    0.00000 
      64   -2.67857    1.35079    0.00000 
      65   -2.39265    0.68638    0.00000 
      66   -2.49323    0.99775    0.00000 
      67   -4.05848    2.53343    0.00000 
      68   -2.85604    1.70128    0.00000 
      69   -2.21521    0.34641    0.00000 
      70   -4.18583    2.73474    0.00000 
      71   -3.95812    2.72671    0.00000 
      72   -3.10999    2.22657    0.00000 
      73   -3.64166    2.60010    0.00000 
      74   -2.04722    0.00000    0.00000 
      75   -2.46599    1.65438    0.00000 
      76   -2.11330    0.94855    0.00000 
      77   -2.25877    1.31669    0.00000 
      78   -4.06924    2.90538    0.00000 
      79   -3.25472    2.53325    0.00000 
      80   -1.99683    0.67668    0.00000 
      81   -3.86574    2.86385    0.00000 
      82   -2.61966    2.02176    0.00000 
      83   -1.87199    0.34641    0.00000 
      84   -3.94570    3.07106    0.00000 
      85   -3.71395    3.01598    0.00000 
      86   -3.41451    2.89194    0.00000 
      87   -1.69677    0.00000    0.00000 
      88   -1.92541    1.29519    0.00000 
      89   -2.06980    1.65163    0.00000 
      90   -2.26549    1.99941    0.00000 
      91   -1.73664    0.94902    0.00000 
      92   -3.03441    2.79337    0.00000 
      93   -3.81542    3.23150    0.00000 
      94   -2.75474    2.63973    0.00000 
      95   -3.58614    3.16688    0.00000 
      96   -1.51427    0.34641    0.00000 
      97   -2.38701    2.48454    0.00000 
      98   -3.21213    3.15224    0.00000 
      99   -3.67862    3.38641    0.00000 
     100   -3.45220    3.31237    0.00000 
     101   -1.33177    0.00000    0.00000 
     102   -1.67653    1.60347    0.00000 
     103   -1.52689    1.28795    0.00000 
     104   -1.83106    1.97140    0.00000 
     105   -1.32813    0.69282    0.00000 
     106   -2.79337    3.03441    0.00000 
     107   -2.02445    2.31867    0.00000 
     108   -3.53553    3.53553    0.00000 
     109   -3.31237    3.45220    0.00000 
     110   -2.43942    2.88022    0.00000 
     111   -1.14199    0.34641    0.00000 
     112   -2.94773    3.40505    0.00000 
     113   -3.38641    3.67862    0.00000 
     114   -1.47431    1.94512    0.00000 
     115   -3.16688    3.58614    0.00000 
     116   -2.05776    2.76339    0.00000 
     117   -1.28872    1.59415    0.00000 
     118   -0.95222    0.00000    0.00000 
     119   -1.13437    1.22837    0.00000 
     120   -2.53325    3.25472    0.00000 
     121   -1.62724    2.30373    0.00000 
     122   -0.92991    0.68358    0.00000 
     123   -3.23150    3.81542    0.00000 
     124   -3.01598    3.71395    0.00000 
     125   -0.76304    0.27880    0.00000 
     126   -2.15031    3.15166    0.00000 
     127   -2.60010    3.64166    0.00000 
     128   -1.07528    1.93157    0.00000 
     129   -0.89239    1.54593    0.00000 
     130   -3.07106    3.94570    0.00000 
     131   -1.23213    2.26032    0.00000 
     132   -2.86385    3.86574    0.00000 
     133   -1.66632    2.91670    0.00000 
     134   -0.61788    0.64897    0.00000 
     135   -0.55819    0.00000    0.00000 
     136   -0.70822    1.19110    0.00000 
     137   -1.39185    2.62636    0.00000 
     138   -2.17345    3.53954    0.00000 
     139   -2.72671    3.95812    0.00000 
     140   -2.90538    4.06924    0.00000 
     141   -1.81609    3.36622    0.00000 
     142   -0.37121    0.34641    0.00000 
     143   -0.44791    1.00843    0.00000 
     144   -0.68064    1.88102    0.00000 
     145   -0.84105    2.24511    0.00000 
     146   -2.53343    4.05848    0.00000 
     147   -1.02313    2.59886    0.00000 
     148   -0.49367    1.52843    0.00000 
     149   -2.73474    4.18583    0.00000 
     150   -2.20986    3.92232    0.00000 
     151   -0.18424    0.00000    0.00000 
     152   -1.43930    3.24748    0.00000 
     153   -0.22851    0.67683    0.00000 
     154   -1.18172    2.95806    0.00000 
     155   -1.81142    3.70531    0.00000 
     156   -2.36355    4.15971    0.00000 
     157   -2.55943    4.29527    0.00000 
     158   -0.24131    1.37199    0.00000 
     159   -0.00954    0.34641    0.00000 
     160   -0.44384    2.20273    0.00000 
     161   -0.04020    1.02646    0.00000 
     162   -0.28111    1.86701    0.00000 
     163   -0.62409    2.58052    0.00000 
     164   -2.18963    4.25383    0.00000 
     165   -2.37974    4.39737    0.00000 
     166   -0.78553    2.91838    0.00000 
     167   -1.05326    3.28045    0.00000 
     168   -1.31548    3.58138    0.00000 
     169    0.16516    0.00000    0.00000 
     170   -1.49925    3.84224    0.00000 
     171    0.16771    0.68857    0.00000 
     172   -1.83476    4.15275    0.00000 
     173   -2.01197    4.34068    0.00000 
     174   -2.19598    4.49195    0.00000 
     175    0.15848    1.37268    0.00000 
     176    0.32794    0.33812    0.00000 
     177   -0.22816    2.53570    0.00000 
     178   -0.04526    2.18089    0.00000 
     179    0.11375    1.81585    0.00000 
     180   -1.85641    4.43345    0.00000 
     181   -0.39225    2.89880    0.00000 
     182    0.35652    1.02609    0.00000 
     183   -2.00848    4.57887    0.00000 
     184   -0.92657    3.65895    0.00000 
     185    0.49073    0.00000    0.00000 
     186   -0.57167    3.25457    0.00000 
     187   -1.17684    3.95292    0.00000 
     188    0.51120    0.67163    0.00000 
     189   -1.42155    4.28311    0.00000 
     190   -1.64665    4.49200    0.00000 
     191   -1.81754    4.65796    0.00000 
     192    0.64205    0.31429    0.00000 
     193    0.58772    1.35150    0.00000 
     194    0.17120    2.51702    0.00000 
     195    0.35183    2.13671    0.00000 
     196    0.00547    2.85991    0.00000 
     197   -1.45961    4.55621    0.00000 
     198    0.51098    1.76986    0.00000 
     199   -0.84639    4.03660    0.00000 
     200    0.79336    0.00000    0.00000 
     201   -1.62350    4.72909    0.00000 
     202    0.75136    0.98740    0.00000 
     203   -1.06370    4.37298    0.00000 
     204   -0.20788    3.44277    0.00000 
     205   -1.27008    4.61264    0.00000 
     206    0.93369    0.29147    0.00000 
     207   -0.38891    3.79839    0.00000 
     208   -1.42668    4.79214    0.00000 
     209    0.64763    2.03501    0.00000 
     210    1.01997    0.61439    0.00000 
     211    0.82131    1.67615    0.00000 
     212    1.07402    0.00000    0.00000 
     213   -0.51016    4.09271    0.00000 
     214   -1.07837    4.66118    0.00000 
     215    0.56805    2.47741    0.00000 
     216    0.40022    2.83921    0.00000 
     217    0.98551    1.31146    0.00000 
     218   -0.73650    4.41359    0.00000 
     219   -1.22743    4.84700    0.00000 
     220    1.08828    0.96159    0.00000 
     221    1.20388    0.26973    0.00000 
     222   -0.88483    4.70176    0.00000 
     223    0.22762    3.44676    0.00000 
     224    0.00681    3.77915    0.00000 
     225   -1.02608    4.89358    0.00000 
     226    1.33374    0.00000    0.00000 
     227   -0.16323    4.12401    0.00000 
     228    1.04489    2.00140    0.00000 
     229   -0.68977    4.73431    0.00000 
     230    1.19762    1.63747    0.00000 
     231    0.79838    2.80408    0.00000 
     232    0.96633    2.44113    0.00000 
     233    1.45367    0.24911    0.00000 
     234   -0.82297    4.93181    0.00000 
     235    1.33724    1.27445    0.00000 
     236   -0.37554    4.52289    0.00000 
     237    1.48379    0.90303    0.00000 
     238   -0.49354    4.75877    0.00000 
     239    1.54549    0.51594    0.00000 
     240    1.57360    0.00000    0.00000 
     241    0.64922    3.36563    0.00000 
     242    0.40210    3.80564    0.00000 
     243    0.17050    4.12707    0.00000 
     244   -0.61846    4.96160    0.00000 
     245    1.68417    0.22965    0.00000 
     246    1.28442    2.32134    0.00000 
     247   -0.31629    4.79601    0.00000 
     248    1.44067    1.95348    0.00000 
     249   -0.41290    4.98292    0.00000 
     250    0.04863    4.51577    0.00000 
     251    1.59248    1.58783    0.00000 
     252    1.19674    2.76808    0.00000 
     253    1.79474    0.00000    0.00000 
     254    1.73181    1.21325    0.00000 
     255   -0.09888    4.78328    0.00000 
     256    0.50237    4.09901    0.00000 
     257    1.04090    3.28555    0.00000 
     258    1.89649    0.21136    0.00000 
     259   -0.20662    4.99573    0.00000 
     260    1.87782    0.85314    0.00000 
     261    0.91498    3.66430    0.00000 
     262    1.96277    0.45579    0.00000 
     263    0.09758    4.78629    0.00000 
     264    1.99825    0.00000    0.00000 
     265    0.41731    4.48889    0.00000 
     266    1.52491    2.64095    0.00000 
     267    1.68139    2.27284    0.00000 
     268    0.00000    5.00000    0.00000 
     269    2.09176    0.19422    0.00000 
     270    0.83635    4.04205    0.00000 
     271    1.86129    1.89960    0.00000 
     272    0.29270    4.77799    0.00000 
     273    1.98634    1.52002    0.00000 
     274    2.18526    0.00000    0.00000 
     275    1.43303    3.20770    0.00000 
     276    0.20378    4.99585    0.00000 
     277    2.12553    1.15095    0.00000 
     278    1.30368    3.58598    0.00000 
     279    0.48764    4.76162    0.00000 
     280    2.27106    0.17821    0.00000 
     281    0.78188    4.43885    0.00000 
     282    1.84395    2.52508    0.00000 
     283    2.26917    0.78154    0.00000 
     284    1.16560    3.95767    0.00000 
     285    2.32857    0.40191    0.00000 
     286    0.40754    4.98336    0.00000 
     287    2.35686    0.00000    0.00000 
     288    0.68211    4.73726    0.00000 
     289    1.81328    2.92385    0.00000 
     290    2.43548    0.16331    0.00000 
     291    2.12845    2.19719    0.00000 
     292    2.25230    1.81694    0.00000 
     293    0.61102    4.96253    0.00000 
     294    2.37188    1.43668    0.00000 
     295    2.51411    0.00000    0.00000 
     296    0.87577    4.70489    0.00000 
     297    1.14361    4.35820    0.00000 
     298    1.48779    3.84618    0.00000 
     299    1.78511    3.32202    0.00000 
     300    2.58607    0.14948    0.00000 
     301    2.51512    1.07803    0.00000 
     302    0.81386    4.93332    0.00000 
     303    2.59658    0.70151    0.00000 
     304    2.63620    0.34594    0.00000 
     305    1.06828    4.66454    0.00000 
     306    2.65804    0.00000    0.00000 
     307    2.17386    2.75118    0.00000 
     308    2.72383    0.13666    0.00000 
     309    1.80058    3.70812    0.00000 
     310    1.01572    4.89574    0.00000 
     311    1.49873    4.24772    0.00000 
     312    1.25931    4.61624    0.00000 
     313    2.78963    0.00000    0.00000 
     314    2.14238    3.14973    0.00000 
     315    2.42074    2.50799    0.00000 
     316    2.55251    2.10469    0.00000 
     317    2.65178    1.71765    0.00000 
     318    2.84973    0.12482    0.00000 
     319    2.74357    1.33182    0.00000 
     320    2.86015    0.58629    0.00000 
     321    1.21623    4.84982    0.00000 
     322    2.89204    0.29006    0.00000 
     323    1.44851    4.56001    0.00000 
     324    2.90982    0.00000    0.00000 
     325    2.86712    0.96131    0.00000 
     326    2.10123    3.54424    0.00000 
     327    2.96466    0.11390    0.00000 
     328    1.84516    4.10760    0.00000 
     329    1.41504    4.79559    0.00000 
     330    1.63553    4.49593    0.00000 
     331    3.01950    0.00000    0.00000 
     332    2.47943    2.90361    0.00000 
     333    3.06950    0.10385    0.00000 
     334    3.07932    0.48812    0.00000 
     335    3.10489    0.24144    0.00000 
     336    3.11950    0.00000    0.00000 
     337    1.82005    4.42406    0.00000 
     338    1.61178    4.73309    0.00000 
     339    3.16505    0.09462    0.00000 
     340    2.93693    1.99572    0.00000 
     341    3.02939    1.60830    0.00000 
     342    2.18373    3.93671    0.00000 
     343    3.11798    1.22063    0.00000 
     344    3.21060    0.00000    0.00000 
     345    2.54030    3.29815    0.00000 
     346    2.79264    2.65512    0.00000 
     347    2.00171    4.34450    0.00000 
     348    3.19858    0.82697    0.00000 
     349    1.80611    4.66240    0.00000 
     350    3.26063    0.07348    0.00000 
     351    3.26102    0.40509    0.00000 
     352    3.29355    0.00000    0.00000 
     353    3.30267    0.19443    0.00000 
     354    3.34215    0.08105    0.00000 
     355    2.18020    4.25735    0.00000 
     356    1.99766    4.58359    0.00000 
     357    3.36901    0.00000    0.00000 
     358    3.40332    0.07127    0.00000 
     359    2.53580    3.72286    0.00000 
     360    2.85055    3.05071    0.00000 
     361    3.42374    0.14714    0.00000 
     362    3.43763    0.00000    0.00000 
     363    3.42321    0.63193    0.00000 
     364    2.35517    4.16272    0.00000 
     365    3.44507    0.37072    0.00000 
     366    3.46972    0.06091    0.00000 
     367    2.18609    4.49678    0.00000 
     368    3.50000    0.00000    0.00000 
     369    3.50656    0.23540    0.00000 
     370    3.51365    0.10112    0.00000 
     371    3.45917    1.08495    0.00000 
     372    3.32011    1.88242    0.00000 
     373    3.22674    2.27126    0.00000 
     374    3.53998    0.04591    0.00000 
     375    3.41139    1.49164    0.00000 
     376    2.52631    4.06076    0.00000 
     377    3.55227    0.15629    0.00000 
     378    3.54411    0.46207    0.00000 
     379    3.56000    0.00000    0.00000 
     380    3.57996    0.09182    0.00000 
     381    2.37104    4.40207    0.00000 
     382    3.59361    0.19294    0.00000 
     383    3.59762    0.04373    0.00000 
     384    3.59635    0.33816    0.00000 
     385    2.87971    3.49452    0.00000 
     386    3.62000    0.00000    0.00000 
     387    3.61994    0.13772    0.00000 
     388    3.58313    0.81556    0.00000 
     389    3.61189    0.53543    0.00000 
     390    3.63223    0.24811    0.00000 
     391    3.64577    0.06670    0.00000 
     392    2.69328    3.95161    0.00000 
     393    3.65991    0.18363    0.00000 
     394    3.66361    0.42258    0.00000 
     395    3.67357    0.28476    0.00000 
     396    3.68000    0.00000    0.00000 
     397    2.55216    4.29959    0.00000 
     398    3.69989    0.22954    0.00000 
     399    3.70211    0.13194    0.00000 
     400    3.68494    0.64617    0.00000 
     401    3.61909    1.26859    0.00000 
     402    3.71613    0.18752    0.00000 
     403    3.71218    0.33992    0.00000 
     404    3.72249    0.06098    0.00000 
     405    3.30986    2.67104    0.00000 
     406    3.74000    0.00000    0.00000 
     407    2.85578    3.83544    0.00000 
     408    3.73987    0.27545    0.00000 
     409    3.75216    0.38583    0.00000 
     410    3.76205    0.22408    0.00000 
     411    3.75688    0.50341    0.00000 
     412    3.77229    0.17047    0.00000 
     413    3.77985    0.11337    0.00000 
     414    3.77985    0.32136    0.00000 
     415    3.78723    0.05388    0.00000 
     416    2.72913    4.18949    0.00000 
     417    3.76490    0.73799    0.00000 
     418    3.80000    0.00000    0.00000 
     419    3.19384    3.22981    0.00000 
     420    3.80572    0.26517    0.00000 
     421    3.80150    0.43166    0.00000 
     422    3.76535    0.98179    0.00000 
     423    3.81950    0.20694    0.00000 
     424    3.81983    0.36726    0.00000 
     425    3.82793    0.14892    0.00000 
     426    3.01557    3.72043    0.00000 
     427    3.83783    0.08547    0.00000 
     428    3.83535    0.46837    0.00000 
     429    3.83350    0.61368    0.00000 
     430    3.85025    0.30440    0.00000 
     431    3.86000    0.00000    0.00000 
     432    3.86265    0.24840    0.00000 
     433    3.85981    0.41317    0.00000 
     434    3.87073    0.18898    0.00000 
     435    3.88054    0.12790    0.00000 
     436    3.69526    1.81249    0.00000 
     437    3.87210    0.52355    0.00000 
     438    2.90159    4.07195    0.00000 
     439    3.89143    0.06873    0.00000 
     440    3.77900    1.45222    0.00000 
     441    3.89581    0.34344    0.00000 
     442    3.86394    0.82934    0.00000 
     443    3.90684    0.28448    0.00000 
     444    3.89979    0.45908    0.00000 
     445    3.92000    0.00000    0.00000 
     446    3.91810    0.22557    0.00000 
     447    3.16609    3.60426    0.00000 
     448    3.92629    0.16671    0.00000 
     449    3.91344    0.56021    0.00000 
     450    3.93704    0.10771    0.00000 
     451    3.93236    0.38677    0.00000 
     452    3.91761    0.70649    0.00000 
     453    3.94799    0.04873    0.00000 
     454    3.93976    0.50499    0.00000 
     455    3.95235    0.32344    0.00000 
     456    3.96344    0.26484    0.00000 
     457    3.92482    0.92162    0.00000 
     458    3.95206    0.61537    0.00000 
     459    3.97295    0.20562    0.00000 
     460    3.98000    0.00000    0.00000 
     461    3.90296    1.18283    0.00000 
     462    3.06923    3.94713    0.00000 
     463    3.98274    0.14646    0.00000 
     464    3.98957    0.08255    0.00000 
     465    3.97839    0.47932    0.00000 
     466    3.97974    0.55090    0.00000 
     467    3.98754    0.42018    0.00000 
     468    3.99884    0.36132    0.00000 
     469    3.70044    2.33976    0.00000 
     470    4.00845    0.30223    0.00000 
     471    3.47122    3.08027    0.00000 
     472    3.99339    0.65202    0.00000 
     473    3.98344    0.78985    0.00000 
     474    4.01944    0.24338    0.00000 
     475    4.02903    0.18460    0.00000 
     476    3.33538    3.49180    0.00000 
     477    4.01972    0.59681    0.00000 
     478    4.04000    0.00000    0.00000 
     479    4.02542    0.51650    0.00000 
     480    4.03997    0.12563    0.00000 
     481    4.04070    0.05940    0.00000 
     482    4.03397    0.45715    0.00000 
     483    4.04409    0.40031    0.00000 
     484    4.03201    0.70719    0.00000 
     485    4.05465    0.33967    0.00000 
     486    4.00477    1.01344    0.00000 
     487    4.06461    0.28267    0.00000 
     488    3.22625    3.81986    0.00000 
     489    4.07415    0.22347    0.00000 
     490    4.05970    0.64271    0.00000 
     491    4.06833    0.55728    0.00000 
     492    3.43742    3.36978    0.00000 
     493    4.08550    0.16467    0.00000 
     494    4.07909    0.49667    0.00000 
     495    4.09508    0.10545    0.00000 
     496    4.05652    0.86920    0.00000 
     497    4.09960    0.04278    0.00000 
     498    4.10000    0.00000    0.00000 
     499    4.09078    0.43792    0.00000 
     500    4.07199    0.75310    0.00000 
     501    3.65538    2.82112    0.00000 
     502    4.10006    0.37883    0.00000 
     503    3.95451    1.67650    0.00000 
     504    4.11132    0.32008    0.00000 
     505    4.12056    0.26144    0.00000 
     506    4.09968    0.68862    0.00000 
     507    4.13176    0.20253    0.00000 
     508    4.11490    0.59501    0.00000 
     509    4.12437    0.53600    0.00000 
     510    4.14154    0.14339    0.00000 
     511    4.13570    0.47711    0.00000 
     512    3.37215    3.69170    0.00000 
     513    4.08473    1.10525    0.00000 
     514    4.15286    0.08450    0.00000 
     515    4.14636    0.41581    0.00000 
     516    4.12133    0.79893    0.00000 
     517    3.55902    3.25287    0.00000 
     518    4.16000    0.00000    0.00000 
     519    4.15614    0.35970    0.00000 
     520    4.06287    1.36646    0.00000 
     521    4.13966    0.73453    0.00000 
     522    4.16531    0.30046    0.00000 
     523    4.17709    0.24178    0.00000 
     524    4.16186    0.63227    0.00000 
     525    4.13734    0.96258    0.00000 
     526    4.18631    0.18252    0.00000 
     527    4.17045    0.57295    0.00000 
     528    4.15195    0.84491    0.00000 
     529    4.18269    0.51432    0.00000 
     530    4.19812    0.12383    0.00000 
     531    4.19150    0.45523    0.00000 
     532    4.20957    0.06494    0.00000 
     533    4.20314    0.39663    0.00000 
     534    4.17964    0.78044    0.00000 
     535    4.19177    0.69468    0.00000 
     536    4.21191    0.33817    0.00000 
     537    4.22000    0.00000    0.00000 
     538    3.67181    3.13698    0.00000 
     539    3.50739    3.56346    0.00000 
     540    4.22346    0.27935    0.00000 
     541    4.00611    2.03238    0.00000 
     542    4.23298    0.22019    0.00000 
     543    4.21929    0.61335    0.00000 
     544    4.22723    0.55390    0.00000 
     545    4.20128    0.89074    0.00000 
     546    4.23793    0.49156    0.00000 
     547    4.21962    0.82635    0.00000 
     548    4.24747    0.43668    0.00000 
     549    4.25755    0.16082    0.00000 
     550    4.23186    0.73931    0.00000 
     551    4.18438    1.19284    0.00000 
     552    4.25614    0.37739    0.00000 
     553    3.87296    2.66630    0.00000 
     554    4.26515    0.09669    0.00000 
     555    4.26850    0.31890    0.00000 
     556    4.25331    0.67512    0.00000 
     557    4.23191    0.93673    0.00000 
     558    4.28000    0.00000    0.00000 
     559    4.22120    1.05062    0.00000 
     560    4.27723    0.25957    0.00000 
     561    3.63246    3.43588    0.00000 
     562    4.27729    0.60629    0.00000 
     563    4.28273    0.53134    0.00000 
     564    4.25959    0.87225    0.00000 
     565    4.30091    0.20215    0.00000 
     566    3.80121    3.02332    0.00000 
     567    4.27317    0.78422    0.00000 
     568    4.29488    0.47296    0.00000 
     569    4.30299    0.41476    0.00000 
     570    4.31512    0.14426    0.00000 
     571    4.29051    0.72682    0.00000 
     572    4.31505    0.35606    0.00000 
     573    4.00315    2.43369    0.00000 
     574    4.32603    0.07180    0.00000 
     575    4.32419    0.29687    0.00000 
     576    4.28124    0.98256    0.00000 
     577    4.30913    0.67030    0.00000 
     578    4.24773    1.27006    0.00000 
     579    3.87279    2.91024    0.00000 
     580    4.34000    0.00000    0.00000 
     581    4.32279    0.62618    0.00000 
     582    4.29957    0.91816    0.00000 
     583    4.32939    0.56663    0.00000 
     584    4.34639    0.23886    0.00000 
     585    4.31430    0.82790    0.00000 
     586    4.22279    1.55009    0.00000 
     587    4.33849    0.51362    0.00000 
     588    3.74788    3.30959    0.00000 
     589    4.34648    0.45427    0.00000 
     590    4.35721    0.18647    0.00000 
     591    4.33153    0.77044    0.00000 
     592    4.35967    0.39605    0.00000 
     593    4.31186    1.02854    0.00000 
     594    4.37296    0.12868    0.00000 
     595    4.34838    0.71298    0.00000 
     596    4.37097    0.33439    0.00000 
     597    4.38294    0.06117    0.00000 
     598    4.31692    1.14583    0.00000 
     599    4.33955    0.96407    0.00000 
     600    3.96192    2.80020    0.00000 
     601    4.36687    0.66495    0.00000 
     602    4.38917    0.28036    0.00000 
     603    4.37382    0.60666    0.00000 
     604    4.35545    0.87156    0.00000 
     605    4.40000    0.00000    0.00000 
     606    4.38648    0.54885    0.00000 
     607    4.23981    1.75746    0.00000 
     608    4.39363    0.49118    0.00000 
     609    4.40408    0.22389    0.00000 
     610    4.37269    0.81409    0.00000 
     611    3.85418    3.18517    0.00000 
     612    4.41308    0.16466    0.00000 
     613    4.40701    0.43281    0.00000 
     614    4.36120    1.07438    0.00000 
     615    4.42303    0.10559    0.00000 
     616    4.39489    0.75061    0.00000 
     617    4.32460    1.38070    0.00000 
     618    4.42133    0.38360    0.00000 
     619    4.40444    0.69209    0.00000 
     620    4.43111    0.04643    0.00000 
     621    4.42831    0.31746    0.00000 
     622    4.37953    1.00998    0.00000 
     623    4.04409    2.69281    0.00000 
     624    4.42252    0.63562    0.00000 
     625    4.42822    0.59081    0.00000 
     626    4.44373    0.25954    0.00000 
     627    4.40499    0.91101    0.00000 
     628    4.43551    0.53146    0.00000 
     629    4.17073    2.28694    0.00000 
     630    4.40239    0.96422    0.00000 
     631    4.41812    0.83928    0.00000 
     632    4.46000    0.00000    0.00000 
     633    3.95191    3.06307    0.00000 
     634    4.45976    0.20178    0.00000 
     635    4.45060    0.47387    0.00000 
     636    4.39778    1.10883    0.00000 
     637    4.46902    0.14399    0.00000 
     638    4.44256    0.78676    0.00000 
     639    4.44942    0.72733    0.00000 
     640    4.46889    0.42012    0.00000 
     641    4.41951    1.05589    0.00000 
     642    4.39559    1.25209    0.00000 
     643    4.48264    0.06949    0.00000 
     644    4.47678    0.36078    0.00000 
     645    4.46051    0.68114    0.00000 
     646    4.43599    1.00471    0.00000 
     647    4.48613    0.30165    0.00000 
     648    4.26045    2.08565    0.00000 
     649    4.44999    0.94175    0.00000 
     650    4.47698    0.62433    0.00000 
     651    4.14068    2.58658    0.00000 
     652    4.48282    0.56803    0.00000 
     653    4.43180    1.16627    0.00000 
     654    4.50161    0.24468    0.00000 
     655    4.46446    0.88521    0.00000 
     656    4.04160    2.94371    0.00000 
     657    4.47466    0.82667    0.00000 
     658    4.51192    0.18568    0.00000 
     659    4.50074    0.51098    0.00000 
     660    4.50733    0.45429    0.00000 
     661    4.40456    1.47252    0.00000 
     662    4.18935    2.48695    0.00000 
     663    4.52000    0.00000    0.00000 
     664    4.49159    0.76970    0.00000 
     665    4.45949    1.10179    0.00000 
     666    4.52674    0.12825    0.00000 
     667    4.52404    0.39685    0.00000 
     668    4.50739    0.71272    0.00000 
     669    4.53236    0.33968    0.00000 
     670    4.51572    0.66902    0.00000 
     671    4.51980    0.61088    0.00000 
     672    4.48305    1.04027    0.00000 
     673    4.49162    0.98509    0.00000 
     674    4.50429    0.92037    0.00000 
     675    4.54860    0.06221    0.00000 
     676    4.47314    1.20292    0.00000 
     677    4.12380    2.82741    0.00000 
     678    4.54813    0.28193    0.00000 
     679    4.25331    2.38885    0.00000 
     680    4.54065    0.55551    0.00000 
     681    4.46318    1.34075    0.00000 
     682    4.51953    0.86288    0.00000 
     683    4.54570    0.49654    0.00000 
     684    4.55763    0.22439    0.00000 
     685    4.53096    0.81421    0.00000 
     686    4.49947    1.14770    0.00000 
     687    4.57264    0.16640    0.00000 
     688    4.56498    0.44047    0.00000 
     689    4.54658    0.75700    0.00000 
     690    4.57219    0.38153    0.00000 
     691    4.58000    0.00000    0.00000 
     692    4.58310    0.10858    0.00000 
     693    4.52901    1.07795    0.00000 
     694    4.31204    2.29413    0.00000 
     695    4.56929    0.64383    0.00000 
     696    4.19902    2.71444    0.00000 
     697    4.56590    0.70043    0.00000 
     698    4.57391    0.58624    0.00000 
     699    4.38925    1.96102    0.00000 
     700    4.53934    1.02121    0.00000 
     701    4.51176    1.25808    0.00000 
     702    4.54696    0.96233    0.00000 
     703    4.58992    0.32479    0.00000 
     704    4.59753    0.05042    0.00000 
     705    4.59859    0.26590    0.00000 
     706    4.56211    0.90492    0.00000 
     707    4.59255    0.53271    0.00000 
     708    4.60112    0.47383    0.00000 
     709    4.53944    1.19361    0.00000 
     710    4.57737    0.84758    0.00000 
     711    4.61510    0.20865    0.00000 
     712    4.58653    0.80083    0.00000 
     713    4.59304    0.74137    0.00000 
     714    4.62495    0.14983    0.00000 
     715    4.26778    2.60501    0.00000 
     716    4.61829    0.41897    0.00000 
     717    4.45701    1.82683    0.00000 
     718    4.56740    1.11736    0.00000 
     719    4.60849    0.68479    0.00000 
     720    4.62799    0.35991    0.00000 
     721    4.61633    0.62545    0.00000 
     722    4.57983    1.05068    0.00000 
     723    4.38306    2.19986    0.00000 
     724    4.64000    0.00000    0.00000 
     725    4.55174    1.30399    0.00000 
     726    4.64050    0.09219    0.00000 
     727    4.59325    0.99634    0.00000 
     728    4.63039    0.56769    0.00000 
     729    4.64419    0.30416    0.00000 
     730    4.60266    0.94828    0.00000 
     731    4.41537    2.11512    0.00000 
     732    4.65479    0.24522    0.00000 
     733    4.55506    1.40686    0.00000 
     734    4.61773    0.89108    0.00000 
     735    4.57942    1.23952    0.00000 
     736    4.33055    2.49927    0.00000 
     737    4.64673    0.51204    0.00000 
     738    4.52276    1.65216    0.00000 
     739    4.65929    0.46192    0.00000 
     740    4.63565    0.83398    0.00000 
     741    4.67016    0.18872    0.00000 
     742    4.64090    0.77725    0.00000 
     743    4.46068    2.03088    0.00000 
     744    4.68144    0.12989    0.00000 
     745    4.61206    1.16864    0.00000 
     746    4.65668    0.71956    0.00000 
     747    4.62204    1.09304    0.00000 
     748    4.67637    0.40456    0.00000 
     749    4.66349    0.66231    0.00000 
     750    4.59171    1.34990    0.00000 
     751    4.38780    2.39734    0.00000 
     752    4.68599    0.34653    0.00000 
     753    4.69247    0.06543    0.00000 
     754    4.63780    1.03597    0.00000 
     755    4.67482    0.61083    0.00000 
     756    4.65025    0.97885    0.00000 
     757    4.70000    0.00000    0.00000 
     758    4.50220    1.95017    0.00000 
     759    4.65759    0.93480    0.00000 
     760    4.68842    0.55451    0.00000 
     761    4.61940    1.28543    0.00000 
     762    4.70208    0.28885    0.00000 
     763    4.59102    1.53858    0.00000 
     764    4.67985    0.81883    0.00000 
     765    4.71261    0.23061    0.00000 
     766    4.67606    0.87793    0.00000 
     767    4.43997    2.29928    0.00000 
     768    4.70342    0.49961    0.00000 
     769    4.64287    1.22821    0.00000 
     770    4.54023    1.87293    0.00000 
     771    4.71510    0.44125    0.00000 
     772    4.69830    0.76252    0.00000 
     773    4.70392    0.70341    0.00000 
     774    4.72788    0.17268    0.00000 
     775    4.63244    1.38381    0.00000 
     776    4.66893    1.12507    0.00000 
     777    4.67731    1.08006    0.00000 
     778    4.66723    1.17908    0.00000 
     779    4.72087    0.59538    0.00000 
     780    4.73147    0.38518    0.00000 
     781    4.73912    0.11432    0.00000 
     782    4.48747    2.20513    0.00000 
     783    4.72075    0.64642    0.00000 
     784    4.57506    1.79914    0.00000 
     785    4.68954    1.02213    0.00000 
     786    4.74238    0.32626    0.00000 
     787    4.65938    1.33134    0.00000 
     788    4.71065    0.90816    0.00000 
     789    4.75375    0.05620    0.00000 
     790    4.70837    0.96556    0.00000 
     791    4.76000    0.00000    0.00000 
     792    4.74604    0.54075    0.00000 
     793    4.75848    0.26898    0.00000 
     794    4.53070    2.11489    0.00000 
     795    4.68089    1.27600    0.00000 
     796    4.72755    0.85392    0.00000 
     797    4.65667    1.45374    0.00000 
     798    4.73529    0.79488    0.00000 
     799    4.76889    0.20994    0.00000 
     800    4.61925    1.72520    0.00000 
     801    4.76082    0.48279    0.00000 
     802    4.69821    1.22059    0.00000 
     803    4.63617    1.66160    0.00000 
     804    4.75100    0.73959    0.00000 
     805    4.71289    1.16497    0.00000 
     806    4.77317    0.42778    0.00000 
     807    4.57001    2.02854    0.00000 
     808    4.75913    0.68030    0.00000 
     809    4.78452    0.15333    0.00000 
     810    4.72610    1.10907    0.00000 
     811    4.73167    1.06373    0.00000 
     812    4.77129    0.60880    0.00000 
     813    4.74073    1.00475    0.00000 
     814    4.78946    0.37014    0.00000 
     815    4.69936    1.37724    0.00000 
     816    4.75347    0.94646    0.00000 
     817    4.79914    0.08810    0.00000 
     818    4.60575    1.94603    0.00000 
     819    4.67387    1.59423    0.00000 
     820    4.80045    0.31168    0.00000 
     821    4.71631    1.32364    0.00000 
     822    4.76670    0.88858    0.00000 
     823    4.68806    1.52900    0.00000 
     824    4.79813    0.53586    0.00000 
     825    4.81044    0.25311    0.00000 
     826    4.73198    1.26780    0.00000 
     827    4.78157    0.83235    0.00000 
     828    4.63823    1.86730    0.00000 
     829    4.82000    0.00000    0.00000 
     830    4.74674    1.21148    0.00000 
     831    4.70987    1.47916    0.00000 
     832    4.79313    0.78145    0.00000 
     833    4.82679    0.19547    0.00000 
     834    4.81769    0.46667    0.00000 
     835    4.76078    1.15486    0.00000 
     836    4.66774    1.79227    0.00000 
     837    4.80869    0.72366    0.00000 
     838    4.77414    1.09802    0.00000 
     839    4.82961    0.40809    0.00000 
     840    4.81687    0.66599    0.00000 
     841    4.78685    1.04101    0.00000 
     842    4.73934    1.42315    0.00000 
     843    4.84234    0.13760    0.00000 
     844    4.69454    1.72084    0.00000 
     845    4.79679    0.98748    0.00000 
     846    4.80710    0.92861    0.00000 
     847    4.75792    1.36656    0.00000 
     848    4.84744    0.35176    0.00000 
     849    4.85670    0.06586    0.00000 
     850    4.71888    1.65292    0.00000 
     851    4.77447    1.30981    0.00000 
     852    4.82437    0.87375    0.00000 
     853    4.84821    0.59293    0.00000 
     854    4.86468    0.29251    0.00000 
     855    4.74099    1.58839    0.00000 
     856    4.78983    1.25287    0.00000 
     857    4.83802    0.81840    0.00000 
     858    4.86102    0.50809    0.00000 
     859    4.80437    1.19572    0.00000 
     860    4.84860    0.75981    0.00000 
     861    4.76107    1.52715    0.00000 
     862    4.88000    0.00000    0.00000 
     863    4.87986    0.23137    0.00000 
     864    4.81821    1.13838    0.00000 
     865    4.87457    0.44774    0.00000 
     866    4.86473    0.65417    0.00000 
     867    4.77932    1.46906    0.00000 
     868    4.86423    0.70212    0.00000 
     869    4.83138    1.08086    0.00000 
     870    4.89277    0.17516    0.00000 
     871    4.88752    0.39350    0.00000 
     872    4.89523    0.11528    0.00000 
     873    4.84388    1.02317    0.00000 
     874    4.79650    1.41195    0.00000 
     875    4.85242    0.96758    0.00000 
     876    4.90350    0.05419    0.00000 
     877    4.81300    1.35463    0.00000 
     878    4.86530    0.91678    0.00000 
     879    4.82882    1.29713    0.00000 
     880    4.89140    0.74020    0.00000 
     881    4.88248    0.85945    0.00000 
     882    4.84394    1.23943    0.00000 
     883    4.90147    0.67662    0.00000 
     884    4.92032    0.33454    0.00000 
     885    4.89444    0.79833    0.00000 
     886    4.90869    0.62207    0.00000 
     887    4.85838    1.18157    0.00000 
     888    4.91621    0.55951    0.00000 
     889    4.92254    0.50082    0.00000 
     890    4.87213    1.12353    0.00000 
     891    4.93232    0.26691    0.00000 
     892    4.92816    0.44207    0.00000 
     893    4.94000    0.00000    0.00000 
     894    4.93308    0.38326    0.00000 
     895    4.88519    1.06533    0.00000 
     896    4.94364    0.20652    0.00000 
     897    4.94575    0.14753    0.00000 
     898    4.94716    0.08853    0.00000 
     899    4.89755    1.00699    0.00000 
     900    4.90921    0.94850    0.00000 
     901    4.92018    0.88987    0.00000 
     902    4.93044    0.83112    0.00000 
     903    4.94000    0.77225    0.00000 
     904    4.94886    0.71327    0.00000 
     905    4.95702    0.65419    0.00000 
     906    4.96447    0.59501    0.00000 
     907    4.97121    0.53575    0.00000 
     908    4.97725    0.47642    0.00000 
     909    4.98258    0.41701    0.00000 
     910    4.98720    0.35755    0.00000 
     911    4.99111    0.29804    0.00000 
     912    4.99431    0.23848    0.00000 
     913    4.99680    0.17889    0.00000 
     914    4.99858    0.11927    0.00000 
     915    4.99964    0.05964    0.00000 
     916    5.00000    0.00000    0.00000 
STRUCTURE_ELEMENTS
       1    368   374     366
       2    521   534     516
       3    867   861     831
       4    424   433     421
       5    665   686     653
       6    393   398     390
       7    466   477     458
       8    582   599     576
       9    761   787     750
      10    380   387     377
      11    444   454     437
      12    547   564     545
      13    709   735     701
      14    408   414     403
      15    490   506     484
      16    622   641     614
      17    815   842     797
      18    374   380     370
      19    433   444     428
      20    534   547     528
      21    686   709     676
      22    398   408     395
      23    477   490     472
      24    599   622     593
      25    787   815     775
      26    387   393     382
      27    454   466     449
      28    564   582     557
      29    735   761     725
      30    414   424     409
      31    506   521     500
      32    641   665     636
      33    842   867     831
      34    362   368     366
      35    861   855     823
      36    842   831     797
      37    797   831     823
      38    823   831     861
      39    357   362     358
      40    855   850     819
      41    366   374     370
      42    366   370     361
      43    750   787     775
      44    750   775     733
      45    775   815     797
      46    775   797     733
      47    653   686     676
      48    653   676     642
      49    701   735     725
      50    701   725     681
      51    676   709     701
      52    676   701     642
      53    725   761     750
      54    725   750     733
      55    437   454     449
      56    437   449     429
      57    428   444     437
      58    428   437     411
      59    449   466     458
      60    449   458     429
      61    458   477     472
      62    458   472     452
      63    484   506     500
      64    484   500     473
      65    472   490     484
      66    472   484     452
      67    500   521     516
      68    500   496     473
      69    516   534     528
      70    516   528     496
      71    377   387     382
      72    377   382     369
      73    370   380     377
      74    370   377     361
      75    382   393     390
      76    382   390     369
      77    390   398     395
      78    390   395     384
      79    403   414     409
      80    403   409     394
      81    395   408     403
      82    395   403     384
      83    409   424     421
      84    409   411     394
      85    421   433     428
      86    421   428     411
      87    545   564     557
      88    545   557     525
      89    528   547     545
      90    528   545     525
      91    557   582     576
      92    557   559     525
      93    576   599     593
      94    576   593     559
      95    614   641     636
      96    614   636     598
      97    593   622     614
      98    593   614     598
      99    636   665     653
     100    636   653     598
     101    850   844     803
     102    362   366     358
     103    358   366     361
     104    823   855     819
     105    823   819     763
     106    352   357     354
     107    844   836     800
     108    357   358     354
     109    354   358     361
     110    819   850     803
     111    819   803     763
     112    344   352     350
     113    836   828     784
     114    803   844     800
     115    803   800     738
     116    828   818     770
     117    352   354     350
     118    350   354     353
     119    800   836     784
     120    800   784     738
     121    336   344     339
     122    818   807     758
     123    784   828     770
     124    784   770     717
     125    807   794     743
     126    344   350     339
     127    339   350     353
     128    701   681     642
     129    390   384     369
     130    484   473     452
     131    403   394     384
     132    653   642     598
     133    458   452     429
     134    377   369     361
     135    576   559     557
     136    496   528     525
     137    411   437     429
     138    559   593     598
     139    681   725     733
     140    516   496     500
     141    421   411     409
     142    797   823     763
     143    770   818     758
     144    770   758     717
     145    331   336     333
     146    794   782     731
     147    336   339     333
     148    333   339     335
     149    758   807     743
     150    758   743     699
     151    782   767     723
     152    324   331     327
     153    767   751     694
     154    743   794     731
     155    743   731     699
     156    803   738     763
     157    354   361     353
     158    331   333     327
     159    327   333     335
     160    731   782     723
     161    731   723     648
     162    751   736     679
     163    313   324     318
     164    723   767     694
     165    723   694     648
     166    642   681     617
     167    598   642     578
     168    496   525     486
     169    473   496     457
     170    452   473     442
     171    361   369     353
     172    559   598     551
     173    369   384     365
     174    429   452     417
     175    411   429     400
     176    394   411     389
     177    384   394     378
     178    525   559     513
     179    681   733     661
     180    736   715     662
     181    797   763     733
     182    733   763     661
     183    324   327     318
     184    318   327     322
     185    784   717     738
     186    694   751     679
     187    694   679     629
     188    715   696     651
     189    306   313     308
     190    696   677     623
     191    679   736     662
     192    679   662     629
     193    763   738     661
     194    313   318     308
     195    308   318     322
     196    758   699     717
     197    662   715     651
     198    662   651     573
     199    295   306     300
     200    677   656     600
     201    335   339     353
     202    473   457     442
     203    442   457     422
     204    429   417     400
     205    400   417     388
     206    525   513     486
     207    486   513     461
     208    598   578     551
     209    551   578     520
     210    559   551     513
     211    513   551     520
     212    394   389     378
     213    378   389     363
     214    642   617     578
     215    578   617     520
     216    452   442     417
     217    417   442     422
     218    411   400     389
     219    389   400     363
     220    681   661     617
     221    617   661     586
     222    496   486     457
     223    457   486     422
     224    369   365     353
     225    384   378     365
     226    365   378     363
     227    656   633     579
     228    651   696     623
     229    651   623     573
     230    306   308     300
     231    300   308     304
     232    738   607     586
     233    633   611     566
     234    623   677     600
     235    623   600     553
     236    287   295     290
     237    731   648     699
     238    611   588     538
     239    295   300     290
     240    290   300     304
     241    600   656     579
     242    600   579     553
     243    717   699     607
     244    274   287     280
     245    588   561     517
     246    579   633     566
     247    579   566     501
     248    322   327     335
     249    694   629     648
     250    561   539     492
     251    335   353     351
     252    566   611     538
     253    566   538     501
     254    287   290     280
     255    280   290     285
     256    264   274     269
     257    539   512     476
     258    699   648     607
     259    538   588     517
     260    538   517     471
     261    512   488     447
     262    662   573     629
     263    517   561     492
     264    517   492     471
     265    461   513     520
     266    388   417     422
     267    400   388     363
     268    486   461     422
     269    586   661     738
     270    617   586     520
     271    274   280     269
     272    269   280     285
     273    253   264     258
     274    488   462     426
     275    286   276     272
     276    276   268     263
     277    302   293     288
     278    293   286     279
     279    321   310     305
     280    310   302     296
     281    329   321     312
     282    648   629     541
     283    492   539     476
     284    492   476     419
     285    338   329     323
     286    268   259     255
     287    130   123     124
     288     23    17      20
     289    201   191     190
     290     70    62      67
     291    234   225     222
     292     99    93      95
     293      5     2       4
     294    165   157     156
     295     43    37      40
     296    249   244     238
     297    113   108     109
     298     14     9      11
     299    183   174     173
     300     56    50      53
     301    219   208     205
     302     84    78      81
     303    349   338     330
     304    149   140     139
     305     33    27      29
     306    259   249     247
     307    123   113     115
     308     17    14      16
     309    191   183     180
     310     62    56      59
     311    225   219     214
     312     93    84      85
     313      2     1       3
     314    157   149     146
     315     37    33      35
     316    244   234     229
     317    108    99     100
     318      9     5       7
     319    174   165     164
     320     50    43      46
     321    208   201     197
     322    140   130     132
     323     78    70      71
     324     27    23      25
     325    356   349     337
     326    397   381     364
     327    381   367     355
     328    367   356     347
     329    438   416     392
     330    416   397     376
     331    304   308     322
     332    462   438     407
     333    717   607     738
     334    586   607     503
     335    322   335     334
     336    623   553     573
     337    351   353     365
     338    351   365     363
     339    335   351     334
     340    334   351     363
     341    476   512     447
     342    476   447     419
     343    264   269     258
     344    258   269     262
     345      3     6       4
     346    240   253     245
     347    447   488     426
     348    447   426     385
     349      6    10       8
     350    629   573     541
     351    426   462     407
     352    426   407     385
     353    253   258     245
     354    245   258     262
     355    579   501     553
     356    263   268     255
     357    263   255     250
     358    276   263     272
     359    272   263     250
     360    286   272     279
     361    279   272     265
     362    293   279     288
     363    288   279     265
     364    302   288     296
     365    296   288     281
     366    310   296     305
     367    305   296     281
     368    321   305     312
     369    312   305     297
     370    329   312     323
     371    323   312     297
     372    338   323     330
     373    330   323     311
     374    255   259     247
     375    255   236     250
     376     81    78      71
     377     81    71      73
     378    164   165     156
     379    164   156     150
     380    156   157     146
     381    156   146     150
     382     59    56      53
     383     59    53      57
     384     67    62      59
     385     67    59      57
     386    247   249     238
     387    247   238     236
     388     71    70      67
     389     71    67      73
     390     11     9       7
     391     11     7      12
     392     35    33      29
     393     35    29      32
     394     20    17      16
     395     20    16      19
     396    139   140     132
     397    139   132     127
     398    197   201     190
     399    197   190     189
     400    238   244     229
     401    238   229     236
     402     85    84      81
     403     85    81      73
     404     95    93      85
     405     95    85      86
     406     53    50      46
     407     53    44      57
     408     16    14      11
     409     16    11      19
     410    100    99      95
     411    100    95      98
     412    124   123     115
     413    124   115     112
     414     46    43      40
     415     46    40      44
     416     40    37      35
     417     40    35      32
     418    214   219     205
     419    214   205     203
     420    222   225     214
     421    222   214     203
     422    115   113     109
     423    115   109     112
     424     25    23      20
     425     25    20      19
     426    173   174     164
     427    173   164     172
     428    229   234     222
     429    229   222     218
     430    190   191     180
     431    190   172     189
     432     29    27      25
     433     29    25      32
     434    132   130     124
     435    132   124     127
     436    109   108     100
     437    109   100      98
     438    146   149     139
     439    146   139     127
     440      4     2       3
     441    205   208     197
     442    205   197     189
     443    180   183     173
     444    180   173     172
     445      7     5       4
     446      7     4       8
     447    349   330     337
     448    337   330     311
     449    356   337     347
     450    347   337     328
     451    367   347     355
     452    355   347     328
     453    381   355     364
     454    364   355     342
     455    226   240     233
     456    397   364     376
     457    376   364     342
     458    392   416     376
     459    392   376     359
     460    438   392     407
     461    407   392     359
     462     10    15      13
     463    461   520     440
     464    363   388     348
     465    520   586     503
     466    388   422     371
     467    422   461     401
     468     15    22      18
     469    285   290     304
     470    573   553     469
     471    304   322     320
     472    240   245     233
     473    233   245     239
     474    538   471     501
     475    322   334     320
     476    320   334     348
     477    212   226     221
     478    648   541     607
     479      8    10      13
     480      8    13      12
     481      6     8       4
     482     22    26      24
     483    553   501     469
     484    226   233     221
     485    221   233     239
     486     13    15      18
     487     13    18      21
     488     26    34      31
     489    200   212     206
     490    492   419     471
     491     34    42      38
     492     18    22      24
     493     18    24      21
     494    262   269     285
     495    501   471     405
     496    503   607     541
     497    348   388     371
     498    348   371     343
     499    422   401     371
     500    371   375     343
     501    440   520     503
     502    440   503     436
     503    461   440     401
     504    401   440     375
     505    363   348     334
     506    185   200     192
     507    212   221     206
     508    206   221     210
     509    447   385     419
     510    285   304     303
     511     42    51      48
     512     24    26      31
     513     24    31      30
     514    304   320     303
     515    303   320     325
     516    573   469     541
     517      8    12       7
     518    265   272     250
     519     51    61      58
     520    281   288     265
     521    471   419     405
     522    297   305     281
     523     31    34      38
     524     31    38      30
     525    200   206     192
     526    192   206     210
     527    311   323     297
     528    218   222     203
     529    172   164     150
     530    203   205     189
     531     11    12      19
     532     44    40      32
     533    229   218     236
     534    247   236     255
     535     86    85      73
     536     98    95      86
     537    180   172     190
     538    127   124     112
     539     46    44      53
     540    109    98     112
     541    328   337     311
     542    169   185     176
     543    342   355     328
     544    359   376     342
     545     61    74      69
     546     38    42      48
     547     38    48      45
     548    419   385     360
     549    151   169     159
     550    185   192     176
     551    176   192     188
     552     74    87      83
     553    239   245     262
     554     48    51      58
     555     48    58      55
     556     87   101      96
     557    262   285     283
     558    503   541     436
     559    265   250     243
     560     13    21      12
     561     12    21      19
     562    348   343     325
     563    325   343     319
     564    281   265     256
     565    297   281     270
     566    311   297     284
     567    218   203     199
     568     44    32      39
     569    189   172     170
     570    203   189     187
     571     86    73      79
     572     57    44      49
     573    172   150     155
     574    236   218     213
     575    127   112     120
     576     98    86      92
     577    112    98     106
     578    328   311     298
     579    285   303     283
     580    283   303     301
     581     58    61      69
     582     58    69      65
     583    342   328     309
     584    210   221     239
     585     24    30      21
     586    359   342     326
     587    135   151     142
     588    250   236     227
     589    325   320     348
     590    303   325     301
     591    301   325     319
     592    301   319     294
     593    169   176     159
     594    159   176     171
     595    501   405     469
     596     45    48      55
     597     45    55      54
     598     38    45      30
     599     54    55      66
     600     45    54      41
     601    101   118     111
     602    188   192     210
     603    176   188     171
     604    171   188     182
     605     55    58      65
     606     55    65      66
     607     66    65      76
     608     65    69      80
     609     76    65      80
     610     76    80      91
     611     91    80      96
     612     76    91      88
     613     66    76      77
     614     69    74      83
     615     69    83      80
     616     80    83      96
     617     96    83      87
     618    283   301     277
     619    159   171     153
     620    294   319     317
     621    301   294     277
     622    277   294     273
     623    182   188     202
     624    171   182     161
     625    360   385     345
     626    419   360     405
     627    151   159     142
     628    142   159     153
     629    142   153     134
     630    134   153     143
     631    142   134     125
     632    243   250     227
     633    243   227     224
     634    224   227     207
     635    243   224     242
     636    265   243     256
     637    256   243     242
     638    256   242     270
     639    256   270     281
     640    319   343     341
     641     96   101     111
     642     96   111     105
     643    262   283     260
     644    297   270     284
     645    284   270     261
     646    261   270     242
     647    284   261     278
     648    311   284     298
     649    298   284     278
     650    298   278     309
     651    298   309     328
     652    199   203     187
     653    199   187     184
     654    184   187     168
     655    199   184     207
     656     79    73      63
     657    120   112     106
     658    120   106     110
     659    110   106      94
     660    120   110     126
     661    170   172     155
     662    170   155     168
     663    170   168     187
     664    170   187     189
     665    155   150     138
     666    106    98      92
     667    106    92      94
     668     94    92      79
     669     79    92      86
     670     39    32      28
     671     49    44      39
     672     49    39      47
     673     47    39      36
     674     49    47      60
     675    213   218     199
     676    213   199     207
     677    213   207     227
     678    213   227     236
     679    127   120     138
     680     57    49      63
     681    342   309     326
     682    326   309     299
     683    299   309     278
     684    326   299     314
     685    359   326     345
     686    105   111     122
     687     96   105      91
     688    135   142     125
     689    135   125     118
     690    118   125     111
     691    111   125     122
     692     88    91     103
     693     76    88      77
     694     77    88      89
     695     89    88     102
     696     77    89      75
     697    273   294     292
     698    277   273     254
     699     54    66      64
     700     41    54      52
     701     45    41      30
     702     66    77      64
     703    224   207     204
     704    102    88     103
     705    102   103     117
     706    117   103     119
     707    102   117     114
     708     75    89      90
     709    242   224     223
     710     89   102     104
     711     77    75      64
     712     64    75      68
     713     68    75      82
     714     64    68      52
     715    283   277     260
     716    260   277     254
     717    260   254     237
     718    153   171     161
     719    317   319     341
     720    317   341     340
     721    184   168     167
     722    120   126     138
     723    138   126     141
     724    326   314     345
     725    278   261     257
     726    110    94      97
     727     49    60      63
     728     63    60      72
     729    294   317     292
     730     36    39      28
     731     36    28      30
     732     60    47      68
     733    126   110     116
     734     47    36      52
     735     47    52      68
     736    314   299     289
     737    202   188     210
     738    161   182     175
     739    345   385     359
     740    182   202     193
     741    360   345     332
     742    119   103     105
     743    117   119     129
     744    114   117     128
     745    102   114     104
     746    104   114     121
     747    121   114     131
     748    104   121     107
     749    237   254     235
     750    153   161     143
     751    138   141     155
     752    155   141     168
     753     63    72      79
     754     79    72      94
     755    260   237     239
     756    239   237     210
     757    141   126     133
     758     72    60      68
     759    125   134     122
     760    122   134     143
     761    121   131     137
     762    104   107      90
     763    131   114     128
     764    131   128     145
     765    145   128     144
     766    131   145     147
     767    107   121     116
     768    341   343     375
     769    262   260     239
     770    145   144     160
     771    131   147     137
     772    137   147     154
     773    154   147     166
     774    137   154     133
     775    144   128     129
     776    144   129     148
     777    147   145     163
     778     63    73      57
     779    138   150     127
     780     28    32      19
     781    166   147     163
     782    166   163     181
     783    181   163     177
     784    166   181     186
     785    154   166     167
     786    154   167     152
     787    152   167     168
     788    154   152     133
     789    152   168     141
     790    152   141     133
     791    105   122     119
     792     68    82      72
     793    317   340     316
     794     82    75      90
     795     82    90      97
     796    340   341     372
     797    103    91     105
     798    181   177     196
     799    166   186     167
     800    177   163     160
     801    177   160     178
     802    186   181     204
     803    254   273     251
     804     52    54      64
     805    273   292     271
     806     41    52      36
     807    204   207     186
     808    144   148     162
     809    223   224     204
     810     97    94      82
     811     90    89     104
     812    257   261     241
     813    116   110      97
     814    148   129     136
     815    242   223     241
     816    184   167     186
     817    278   257     275
     818    126   116     133
     819    133   121     137
     820    116   121     133
     821    289   299     275
     822    275   299     278
     823    193   202     217
     824    129   119     136
     825    235   254     251
     826    175   182     193
     827    332   345     314
     828    128   117     129
     829    314   289     307
     830    237   235     220
     831    161   175     158
     832    360   332     346
     833    178   160     162
     834    162   160     144
     835    178   162     179
     836    179   162     158
     837    178   179     195
     838    177   178     194
     839    375   371     401
     840    375   440     436
     841    375   436     372
     842    372   436     469
     843    163   145     160
     844    195   179     198
     845    341   375     372
     846    178   195     194
     847    316   340     346
     848    196   177     194
     849    196   194     216
     850    216   194     215
     851    196   216     223
     852    215   194     195
     853    216   215     231
     854    271   292     291
     855    231   215     232
     856    251   273     271
     857    216   231     241
     858    317   316     292
     859    181   196     204
     860    340   372     373
     861    162   148     158
     862    158   148     136
     863    307   289     282
     864    271   291     267
     865    193   217     211
     866    158   175     179
     867    231   232     252
     868    241   261     242
     869    220   235     217
     870    217   235     230
     871    220   217     202
     872    230   235     251
     873    217   230     211
     874    220   202     210
     875    211   230     228
     876    220   210     237
     877    228   230     248
     878    211   228     209
     879    230   251     248
     880    248   251     271
     881    228   248     246
     882    209   228     232
     883    211   209     198
     884    198   209     195
     885    211   198     193
     886    195   209     215
     887    246   248     267
     888    228   246     232
     889    232   246     252
     890    267   248     271
     891    246   267     266
     892    275   257     252
     893    346   332     315
     894    340   373     346
     895    161   158     143
     896    198   179     175
     897    314   307     332
     898    332   307     315
     899    315   307     291
     900    291   292     316
     901    373   372     469
     902    257   241     231
     903    232   215     209
     904    360   346     405
     905     90   107      97
     906     97   107     116
     907    307   282     291
     908    231   252     257
     909    282   289     266
     910    282   266     267
     911    282   267     291
     912    246   266     252
     913    252   266     275
     914    346   315     316
     915    266   289     275
     916    385   407     359
     917     19    21      28
     918     41    36      30
     919    143   158     136
     920    143   136     122
     921    150   146     127
     922     73    67      57
     923     32    25      19
     924    193   198     175
     925    315   291     316
     926    241   223     216
     927    136   119     122
     928    541   469     436
     929    223   204     196
     930    373   469     405
     931    373   405     346
     932     21    30      28
     933     72    82      94
     934    184   186     207
     935    916   915     893
     936    908   907     889
     937    900   899     875
     938    874   867     842
     939    874   842     847
     940    847   842     815
     941    874   847     877
     942    877   847     851
     943    851   847     821
     944    877   851     879
     945    879   851     856
     946    856   851     826
     947    879   856     882
     948    882   856     859
     949    859   856     830
     950    882   859     887
     951    887   859     864
     952    864   859     835
     953    887   864     890
     954    890   864     869
     955    869   864     838
     956    890   869     895
     957    895   869     873
     958    873   869     841
     959    895   873     899
     960    899   873     875
     961    875   873     845
     962    845   873     841
     963    845   841     813
     964    875   845     846
     965    813   841     811
     966    845   813     816
     967    847   815     821
     968    821   815     787
     969    821   787     795
     970    795   787     761
     971    821   795     826
     972    826   795     802
     973    821   826     851
     974    802   795     769
     975    826   802     830
     976    830   802     805
     977    826   830     856
     978    805   802     778
     979    830   805     835
     980    835   805     810
     981    830   835     859
     982    810   805     776
     983    835   810     838
     984    838   810     811
     985    811   810     777
     986    838   811     841
     987    835   838     864
     988    777   810     776
     989    777   776     747
     990    811   777     785
     991    838   841     869
     992    747   776     745
     993    777   747     754
     994    785   777     754
     995    785   754     756
     996    756   754     727
     997    785   756     790
     998    745   776     778
     999    745   769     735
    1000    778   776     805
    1001    754   747     722
    1002    811   785     813
    1003    813   785     790
    1004    813   790     816
    1005    816   790     788
    1006    788   790     759
    1007    816   788     822
    1008    747   745     718
    1009    759   790     756
    1010    759   756     730
    1011    730   756     727
    1012    730   727     702
    1013    759   730     734
    1014    702   727     700
    1015    730   702     706
    1016    734   730     706
    1017    734   706     710
    1018    759   734     766
    1019    710   706     682
    1020    734   710     740
    1021    788   759     766
    1022    788   766     796
    1023    796   766     764
    1024    788   796     822
    1025    822   796     827
    1026    827   796     798
    1027    822   827     852
    1028    764   766     740
    1029    764   740     742
    1030    742   740     712
    1031    764   742     772
    1032    796   764     798
    1033    712   740     710
    1034    712   710     685
    1035    685   710     682
    1036    685   682     657
    1037    712   685     689
    1038    657   682     655
    1039    685   657     664
    1040    742   712     713
    1041    772   742     746
    1042    764   772     798
    1043    798   772     804
    1044    804   772     773
    1045    798   804     832
    1046    689   685     664
    1047    689   664     668
    1048    668   664     639
    1049    689   668     697
    1050    712   689     713
    1051    713   689     697
    1052    713   719     746
    1053    816   822     846
    1054    846   822     852
    1055    816   846     845
    1056    846   852     878
    1057    702   700     673
    1058    832   804     837
    1059    846   878     875
    1060    875   878     900
    1061    900   878     901
    1062    773   772     746
    1063    773   746     749
    1064    749   746     719
    1065    773   749     783
    1066    878   852     881
    1067    700   727     722
    1068    722   727     754
    1069    700   722     693
    1070    693   722     718
    1071    693   718     686
    1072    700   693     672
    1073    706   702     674
    1074    804   773     808
    1075    798   832     827
    1076    827   832     857
    1077    857   832     860
    1078    827   857     852
    1079    852   857     881
    1080    778   802     769
    1081    778   769     745
    1082    749   719     721
    1083    773   783     808
    1084    808   783     812
    1085    812   783     779
    1086    808   812     840
    1087    719   713     697
    1088    719   697     695
    1089    695   697     670
    1090    719   695     721
    1091    721   695     698
    1092    698   695     671
    1093    721   698     728
    1094    670   697     668
    1095    670   668     645
    1096    645   668     639
    1097    645   639     619
    1098    670   645     650
    1099    619   639     616
    1100    645   619     624
    1101    695   670     671
    1102    671   670     650
    1103    671   650     652
    1104    652   650     625
    1105    671   652     680
    1106    650   645     624
    1107    650   624     625
    1108    625   624     603
    1109    603   624     601
    1110    625   603     606
    1111    652   625     628
    1112    671   680     698
    1113    698   680     707
    1114    707   680     683
    1115    698   707     728
    1116    728   707     737
    1117    737   707     708
    1118    728   737     760
    1119    680   652     659
    1120    606   603     583
    1121    625   606     628
    1122    628   606     608
    1123    608   606     587
    1124    628   608     635
    1125    683   680     659
    1126    683   659     660
    1127    660   659     635
    1128    683   660     688
    1129    707   683     708
    1130    616   639     638
    1131    619   616     595
    1132    688   660     667
    1133    683   688     708
    1134    708   688     716
    1135    716   688     690
    1136    708   716     739
    1137    690   688     667
    1138    690   667     669
    1139    669   667     644
    1140    690   669     703
    1141    716   690     720
    1142    739   716     748
    1143    708   739     737
    1144    737   739     768
    1145    768   739     771
    1146    737   768     760
    1147    760   768     792
    1148    792   768     801
    1149    760   792     779
    1150    779   792     812
    1151    760   779     755
    1152    755   779     783
    1153    760   755     728
    1154    755   783     749
    1155    755   749     721
    1156    655   682     674
    1157    655   674     649
    1158    649   674     673
    1159    655   649     627
    1160    700   672     673
    1161    673   672     646
    1162    646   672     641
    1163    646   641     622
    1164    646   622     630
    1165    673   646     649
    1166    630   622     599
    1167    646   630     649
    1168    649   630     627
    1169    627   630     599
    1170    721   728     755
    1171    664   657     638
    1172    638   657     631
    1173    664   638     639
    1174    631   657     655
    1175    638   610     616
    1176    703   669     678
    1177    644   667     640
    1178    690   703     720
    1179    720   703     729
    1180    729   703     705
    1181    720   729     752
    1182    672   693     665
    1183    669   644     647
    1184    674   682     706
    1185    769   795     761
    1186    769   761     735
    1187    808   840     837
    1188    837   840     868
    1189    768   771     801
    1190    840   812     853
    1191    771   739     748
    1192    771   748     780
    1193    780   748     752
    1194    771   780     806
    1195    752   748     720
    1196    860   832     837
    1197    860   837     868
    1198    635   608     613
    1199    752   729     762
    1200    587   606     583
    1201    587   583     563
    1202    563   583     562
    1203    587   563     568
    1204    705   703     678
    1205    705   678     684
    1206    684   678     654
    1207    705   684     711
    1208    857   860     885
    1209    628   635     659
    1210    608   587     589
    1211    729   705     732
    1212    868   840     866
    1213    655   627     631
    1214    771   806     801
    1215    801   806     834
    1216    834   806     839
    1217    801   834     824
    1218    684   654     658
    1219    705   711     732
    1220    732   711     741
    1221    741   711     714
    1222    732   741     765
    1223    806   780     814
    1224    654   678     647
    1225    654   647     626
    1226    711   684     687
    1227    562   583     581
    1228    563   562     544
    1229    587   568     589
    1230    589   568     569
    1231    569   568     548
    1232    589   569     592
    1233    912   911     891
    1234    904   880     883
    1235    732   765     762
    1236    762   765     793
    1237    914   913     897
    1238    906   905     886
    1239    741   714     744
    1240    910   909     894
    1241    902   901     881
    1242    881   901     878
    1243    902   881     885
    1244    902   885     903
    1245    903   885     880
    1246    880   885     860
    1247    880   860     868
    1248    880   904     903
    1249    915   914     898
    1250    907   906     888
    1251    714   711     687
    1252    714   687     692
    1253    692   687     666
    1254    714   692     726
    1255    911   910     884
    1256    913   912     896
    1257    905   904     883
    1258    765   741     774
    1259    909   908     892
    1260    568   563     546
    1261    740   766     734
    1262    592   569     572
    1263    726   692     704
    1264    548   568     546
    1265    548   546     531
    1266    531   546     529
    1267    548   531     533
    1268    666   687     658
    1269    666   658     637
    1270    780   752     786
    1271    589   592     613
    1272    714   726     744
    1273    744   726     753
    1274    753   726     724
    1275    744   753     781
    1276    569   548     552
    1277    692   666     675
    1278    781   753     789
    1279    744   781     774
    1280    774   781     809
    1281    626   647     621
    1282    529   546     544
    1283    529   544     527
    1284    533   531     515
    1285    654   626     634
    1286    531   529     511
    1287    548   533     552
    1288    552   533     536
    1289    536   533     519
    1290    552   536     555
    1291    583   603     581
    1292    581   603     601
    1293    601   624     619
    1294    601   619     595
    1295    601   595     577
    1296    577   595     571
    1297    601   577     581
    1298    581   577     562
    1299    571   595     591
    1300    577   571     556
    1301    793   765     799
    1302    519   533     515
    1303    519   515     502
    1304    502   515     499
    1305    519   502     504
    1306    552   555     572
    1307    572   555     575
    1308    659   652     628
    1309    824   834     858
    1310    536   519     522
    1311    834   839     865
    1312    762   793     786
    1313    762   786     752
    1314    786   793     820
    1315    839   806     814
    1316    839   814     848
    1317    848   814     820
    1318    839   848     871
    1319    820   814     786
    1320    871   848     884
    1321    839   871     865
    1322    865   871     892
    1323    865   892     889
    1324    889   892     908
    1325    801   824     792
    1326    555   536     540
    1327    722   747     718
    1328    746   742     713
    1329    499   515     511
    1330    499   511     494
    1331    504   502     485
    1332    718   745     709
    1333    637   658     634
    1334    634   658     654
    1335    637   634     612
    1336    612   634     609
    1337    637   612     615
    1338    666   637     643
    1339    848   820     854
    1340    667   660     640
    1341    640   660     635
    1342    640   635     613
    1343    502   499     483
    1344    519   504     522
    1345    522   504     505
    1346    505   504     487
    1347    522   505     523
    1348    595   616     591
    1349    674   702     673
    1350    644   640     618
    1351    837   804     808
    1352    678   669     647
    1353    716   720     748
    1354    647   644     621
    1355    774   809     799
    1356    774   799     765
    1357    799   809     833
    1358    833   809     843
    1359    799   833     825
    1360    523   505     507
    1361    809   781     817
    1362    505   487     489
    1363    487   504     485
    1364    487   485     470
    1365    470   485     468
    1366    487   470     474
    1367    522   523     540
    1368    540   523     542
    1369    853   812     824
    1370    824   812     792
    1371    866   840     853
    1372    866   853     886
    1373    866   886     883
    1374    866   883     868
    1375    868   883     880
    1376    883   886     905
    1377    572   575     596
    1378    762   729     732
    1379    556   571     550
    1380    613   608     589
    1381    577   556     562
    1382    487   474     489
    1383    489   474     475
    1384    475   474     459
    1385    489   475     493
    1386    459   474     456
    1387    475   459     463
    1388    493   475     480
    1389    489   493     507
    1390    507   493     510
    1391    571   591     567
    1392    470   468     455
    1393    474   470     456
    1394    456   470     455
    1395    456   455     443
    1396    820   793     825
    1397    825   793     799
    1398    820   825     854
    1399    857   885     881
    1400    575   555     560
    1401    468   485     483
    1402    468   483     467
    1403    889   907     888
    1404    889   888     858
    1405    843   809     817
    1406    825   833     863
    1407    456   443     446
    1408    888   906     886
    1409    888   886     853
    1410    726   704     724
    1411    494   511     509
    1412    814   780     786
    1413    894   909     892
    1414    894   892     871
    1415    894   871     884
    1416    894   884     910
    1417    612   609     590
    1418    891   911     884
    1419    891   884     854
    1420    913   896     897
    1421    897   896     870
    1422    870   896     863
    1423    897   870     872
    1424    692   675     704
    1425    609   634     626
    1426    609   626     602
    1427    602   626     621
    1428    602   621     596
    1429    609   602     584
    1430    602   596     575
    1431    584   602     575
    1432    609   584     590
    1433    590   584     565
    1434    565   584     560
    1435    590   565     570
    1436    570   565     549
    1437    590   570     594
    1438    596   621     618
    1439    549   565     542
    1440    570   549     554
    1441    594   570     574
    1442    590   594     612
    1443    612   594     615
    1444    615   594     597
    1445    597   594     574
    1446    597   574     580
    1447    615   597     620
    1448    620   597     605
    1449    620   605     632
    1450    620   632     643
    1451    615   620     643
    1452    637   615     643
    1453    542   523     526
    1454    544   562     543
    1455    569   552     572
    1456    687   684     658
    1457    898   914     897
    1458    898   897     872
    1459    898   872     876
    1460    876   872     849
    1461    898   876     893
    1462    849   872     843
    1463    849   843     817
    1464    849   817     829
    1465    843   872     870
    1466    876   849     862
    1467    592   572     596
    1468    529   527     509
    1469    509   527     508
    1470    508   527     524
    1471    509   508     491
    1472    443   455     441
    1473    499   494     482
    1474    912   891     896
    1475    896   891     863
    1476    527   544     543
    1477    741   744     774
    1478    546   563     544
    1479    540   542     560
    1480    540   560     555
    1481    560   542     565
    1482    675   666     643
    1483    675   643     663
    1484    915   898     893
    1485    833   843     870
    1486    613   592     618
    1487    613   618     640
    1488    540   536     522
    1489    483   499     482
    1490    483   482     467
    1491    467   482     465
    1492    465   482     479
    1493    467   465     444
    1494    509   491     494
    1495    524   527     543
    1496    508   524     506
    1497    781   789     817
    1498    817   789     829
    1499    858   834     865
    1500    531   511     515
    1501    510   493     495
    1502    468   467     451
    1503    789   753     757
    1504    511   529     509
    1505    502   483     485
    1506    507   510     526
    1507    507   526     523
    1508    526   510     530
    1509    530   510     514
    1510    526   530     549
    1511    491   508     490
    1512    848   854     884
    1513    443   441     430
    1514    465   479     466
    1515    466   479     477
    1516    493   480     495
    1517    495   480     481
    1518    481   480     464
    1519    495   481     497
    1520    464   480     463
    1521    464   463     450
    1522    481   464     460
    1523    495   497     514
    1524    464   450     453
    1525    497   481     478
    1526    450   463     448
    1527    453   450     439
    1528    464   453     460
    1529    460   453     445
    1530    445   453     439
    1531    450   448     435
    1532    554   549     530
    1533    448   463     459
    1534    459   456     446
    1535    459   446     448
    1536    448   446     434
    1537    434   446     432
    1538    448   434     435
    1539    432   446     443
    1540    432   443     430
    1541    432   430     420
    1542    420   430     414
    1543    432   420     423
    1544    423   420     410
    1545    432   423     434
    1546    434   423     425
    1547    425   423     412
    1548    434   425     435
    1549    435   425     427
    1550    427   425     413
    1551    435   427     439
    1552    412   423     410
    1553    412   410     402
    1554    402   410     398
    1555    402   398     393
    1556    402   393     399
    1557    412   402     399
    1558    399   393     387
    1559    425   412     413
    1560    413   412     399
    1561    427   413     415
    1562    415   413     404
    1563    427   415     431
    1564    410   420     408
    1565    410   408     398
    1566    404   413     399
    1567    415   404     406
    1568    575   560     584
    1569    574   570     554
    1570    510   495     514
    1571    507   505     489
    1572    479   482     494
    1573    479   494     491
    1574    479   491     477
    1575    468   451     455
    1576    455   451     441
    1577    441   451     433
    1578    571   567     550
    1579    475   463     480
    1580    543   562     556
    1581    644   618     621
    1582    451   467     444
    1583    567   591     585
    1584    863   833     870
    1585    825   863     854
    1586    854   863     891
    1587    542   526     549
    1588    824   858     853
    1589    853   858     888
    1590    530   514     532
    1591    556   550     535
    1592    368   379     374
    1593    374   379     383
    1594    383   379     386
    1595    383   386     391
    1596    374   383     380
    1597    380   383     391
    1598    391   386     396
    1599    391   396     404
    1600    460   478     481
    1601    632   663     643
    1602    567   585     564
    1603    406   418     415
    1604    415   418     431
    1605    537   558     532
    1606    757   791     789
    1607    789   791     829
    1608    530   532     554
    1609    498   518     497
    1610    498   497     478
    1611    691   724     704
    1612    691   704     675
    1613    450   435     439
    1614    431   445     439
    1615    580   605     597
    1616    829   862     849
    1617    876   862     893
    1618    556   535     543
    1619    663   691     675
    1620    558   580     574
    1621    535   550     534
    1622    396   406     404
    1623    518   537     532
    1624    724   757     753
    1625    532   514     518
    1626    430   441     424
    1627    585   591     610
    1628    610   591     616
    1629    585   610     604
    1630    604   610     631
    1631    631   610     638
    1632    585   604     582
    1633    524   543     535
    1634    514   497     518
    1635    439   427     431
    1636    574   554     558
    1637    558   554     532
    1638    665   641     672
    1639    521   506     535
    1640    424   414     430
    1641    582   564     585
    1642    466   454     465
    1643    465   454     444
    1644    490   477     491
    1645    709   686     718
    1646    547   534     550
    1647    444   433     451
    1648    506   490     508
    1649    414   408     420
    1650    735   709     745
    1651    564   547     567
    1652    387   380     391
    1653    599   582     604
    1654    686   665     693
    1655    534   521     535
    1656    433   424     441
    1657    550   567     547
    1658    889   858     865
    1659    631   627     604
    1660    604   627     599
    1661    592   596     618
    1662    404   399     391
    1663    524   535     506
    1664    399   387     391
STRUCTURE_DIRICHLET_NODES
       1 NaN  0.0  NaN  
       3 NaN  0.0  NaN  
       6 NaN  0.0  NaN  
      10 NaN  0.0  NaN  
      15 NaN  0.0  NaN  
      22 NaN  0.0  NaN  
      26 NaN  0.0  NaN  
      34 NaN  0.0  NaN  
      42 NaN  0.0  NaN  
      51 NaN  0.0  NaN  
      61 NaN  0.0  NaN  
      74 NaN  0.0  NaN  
      87 NaN  0.0  NaN  
     101 NaN  0.0  NaN  
     118 NaN  0.0  NaN  
     135 NaN  0.0  NaN  
     151 NaN  0.0  NaN  
     169 NaN  0.0  NaN  
     185 NaN  0.0  NaN  
     200 NaN  0.0  NaN  
     212 NaN  0.0  NaN  
     226 NaN  0.0  NaN  
     240 NaN  0.0  NaN  
     253 NaN  0.0  NaN  
     264 NaN  0.0  NaN  
     274 NaN  0.0  NaN  
     287 NaN  0.0  NaN  
     295 NaN  0.0  NaN  
     306 NaN  0.0  NaN  
     313 NaN  0.0  NaN  
     324 NaN  0.0  NaN  
     331 NaN  0.0  NaN  
     336 NaN  0.0  NaN  
     344 NaN  0.0  NaN  
     352 NaN  0.0  NaN  
     357 NaN  0.0  NaN  
     362 NaN  0.0  NaN  
     368 NaN  0.0  NaN  
     379 NaN  0.0  NaN  
     386 NaN  0.0  NaN  
     396 NaN  0.0  NaN  
     406 NaN  0.0  NaN  
     418 NaN  0.0  NaN  
     431 NaN  0.0  NaN  
     445 NaN  0.0  NaN  
     460 NaN  0.0  NaN  
     478 NaN  0.0  NaN  
     498 NaN  0.0  NaN  
     518 NaN  0.0  NaN  
     537 NaN  0.0  NaN  
     558 NaN  0.0  NaN  
     580 NaN  0.0  NaN  
     605 NaN  0.0  NaN  
     632 NaN  0.0  NaN  
     663 NaN  0.0  NaN  
     691 NaN  0.0  NaN  
     724 NaN  0.0  NaN  
     757 NaN  0.0  NaN  
     791 NaN  0.0  NaN  
     829 NaN  0.0  NaN  
     862 NaN  0.0  NaN  
     893 NaN  0.0  NaN  
     916 NaN  0.0  NaN  
STRUCTURE_FORCE_NODES
       1 boundaryLoad computeConstantLoad
       2 boundaryLoad computeConstantLoad
       5 boundaryLoad computeConstantLoad
       9 boundaryLoad computeConstantLoad
      14 boundaryLoad computeConstantLoad
      17 boundaryLoad computeConstantLoad
      23 boundaryLoad computeConstantLoad
      27 boundaryLoad computeConstantLoad
      33 boundaryLoad computeConstantLoad
      37 boundaryLoad computeConstantLoad
      43 boundaryLoad computeConstantLoad
      50 boundaryLoad computeConstantLoad
      56 boundaryLoad computeConstantLoad
      62 boundaryLoad computeConstantLoad
      70 boundaryLoad computeConstantLoad
      78 boundaryLoad computeConstantLoad
      84 boundaryLoad computeConstantLoad
      93 boundaryLoad computeConstantLoad
      99 boundaryLoad computeConstantLoad
     108 boundaryLoad computeConstantLoad
     113 boundaryLoad computeConstantLoad
     123 boundaryLoad computeConstantLoad
     130 boundaryLoad computeConstantLoad
     140 boundaryLoad computeConstantLoad
     149 boundaryLoad computeConstantLoad
     157 boundaryLoad computeConstantLoad
     165 boundaryLoad computeConstantLoad
     174 boundaryLoad computeConstantLoad
     183 boundaryLoad computeConstantLoad
     191 boundaryLoad computeConstantLoad
     201 boundaryLoad computeConstantLoad
     208 boundaryLoad computeConstantLoad
     219 boundaryLoad computeConstantLoad
     225 boundaryLoad computeConstantLoad
     234 boundaryLoad computeConstantLoad
     244 boundaryLoad computeConstantLoad
     249 boundaryLoad computeConstantLoad
     259 boundaryLoad computeConstantLoad
     268 boundaryLoad computeConstantLoad
STRUCTURE_CONTACT_NODES
     867 
     874 
     877 
     879 
     882 
     887 
     890 
     895 
     899 
     900 
     901 
     902 
     903 
     904 
     905 
     906 
     907 
     908 
     909 
     910 
     911 
     912 
     913 
     914 
     915 
     916 
%%%%%%%%%%%%%%%%%%%%%%%%%%%%%%%%%%%%%%%%%%%%%%%%%%%%%%%%%%%%%%%%%%%%%%%%%%%
%                                                                         %
%   Fluid Boundary Value Problem                                          %
%                                                                         %
%%%%%%%%%%%%%%%%%%%%%%%%%%%%%%%%%%%%%%%%%%%%%%%%%%%%%%%%%%%%%%%%%%%%%%%%%%%

FLUID_ANALYSIS
 ANALYSIS_TYPE,NAVIER_STOKES_2D

FLUID_MATERIAL_PROPERTIES

FLUID_NLINEAR_SCHEME
 NLINEAR_SCHEME,newtonRapshon
 NO_LOAD_STEPS,1
 TOLERANCE,1e-5
 MAX_ITERATIONS,10

FLUID_TRANSIENT_ANALYSIS
 SOLVER STEADY_STATE
 TIME_INTEGRATION BOSSAK
 ALPHA_BETA -0.1
 GAMMA 0.6
 START_TIME 0
 END_TIME 10
 NUMBER_OF_TIME_STEPS 1e3
 ADAPTIVE_TIME_STEPPING false
 
FLUID_INTEGRATION
 DOMAIN default
 domainNoGP 1
 boundaryNoGP 1
        
FLUID_ELEMENTS


FLUID_DIRICHLET_NODES
       1 NaN  0.0  NaN  NaN  
       3 NaN  0.0  NaN  NaN  
       6 NaN  0.0  NaN  NaN  
      10 NaN  0.0  NaN  NaN  
      15 NaN  0.0  NaN  NaN  
      22 NaN  0.0  NaN  NaN  
      26 NaN  0.0  NaN  NaN  
      34 NaN  0.0  NaN  NaN  
      42 NaN  0.0  NaN  NaN  
      51 NaN  0.0  NaN  NaN  
      61 NaN  0.0  NaN  NaN  
      74 NaN  0.0  NaN  NaN  
      87 NaN  0.0  NaN  NaN  
     101 NaN  0.0  NaN  NaN  
     118 NaN  0.0  NaN  NaN  
     135 NaN  0.0  NaN  NaN  
     151 NaN  0.0  NaN  NaN  
     169 NaN  0.0  NaN  NaN  
     185 NaN  0.0  NaN  NaN  
     200 NaN  0.0  NaN  NaN  
     212 NaN  0.0  NaN  NaN  
     226 NaN  0.0  NaN  NaN  
     240 NaN  0.0  NaN  NaN  
     253 NaN  0.0  NaN  NaN  
     264 NaN  0.0  NaN  NaN  
     274 NaN  0.0  NaN  NaN  
     287 NaN  0.0  NaN  NaN  
     295 NaN  0.0  NaN  NaN  
     306 NaN  0.0  NaN  NaN  
     313 NaN  0.0  NaN  NaN  
     324 NaN  0.0  NaN  NaN  
     331 NaN  0.0  NaN  NaN  
     336 NaN  0.0  NaN  NaN  
     344 NaN  0.0  NaN  NaN  
     352 NaN  0.0  NaN  NaN  
     357 NaN  0.0  NaN  NaN  
     362 NaN  0.0  NaN  NaN  
     368 NaN  0.0  NaN  NaN  
     379 NaN  0.0  NaN  NaN  
     386 NaN  0.0  NaN  NaN  
     396 NaN  0.0  NaN  NaN  
     406 NaN  0.0  NaN  NaN  
     418 NaN  0.0  NaN  NaN  
     431 NaN  0.0  NaN  NaN  
     445 NaN  0.0  NaN  NaN  
     460 NaN  0.0  NaN  NaN  
     478 NaN  0.0  NaN  NaN  
     498 NaN  0.0  NaN  NaN  
     518 NaN  0.0  NaN  NaN  
     537 NaN  0.0  NaN  NaN  
     558 NaN  0.0  NaN  NaN  
     580 NaN  0.0  NaN  NaN  
     605 NaN  0.0  NaN  NaN  
     632 NaN  0.0  NaN  NaN  
     663 NaN  0.0  NaN  NaN  
     691 NaN  0.0  NaN  NaN  
     724 NaN  0.0  NaN  NaN  
     757 NaN  0.0  NaN  NaN  
     791 NaN  0.0  NaN  NaN  
     829 NaN  0.0  NaN  NaN  
     862 NaN  0.0  NaN  NaN  
     893 NaN  0.0  NaN  NaN  
     916 NaN  0.0  NaN  NaN  

FLUID_DIRICHLET_ALE_NODES
FLUID_POST_PROC_NODES

FLUID_NODES

