%%%%%%%%%%%%%%%%%%%%%%%%%%%%%%%%%%%%%%%%%%%%%%%%%%%%%%%%%%%%%%%%%%%%%%%%%%%
%                                                                         %
%   License:        BSD License                                           %
%                   cane Multiphysics default license: cane/license.txt   %
%                                                                         %
%   Main authors:   Andreas Apostolatos                                   %
%                                                                         %
%%%%%%%%%%%%%%%%%%%%%%%%%%%%%%%%%%%%%%%%%%%%%%%%%%%%%%%%%%%%%%%%%%%%%%%%%%%

%%%%%%%%%%%%%%%%%%%%%%%%%%%%%%%%%%%%%%%%%%%%%%%%%%%%%%%%%%%%%%%%%%%%%%%%%%%
%                                                                         %
%   cane Input File                                                       %
%                                                                         %
%%%%%%%%%%%%%%%%%%%%%%%%%%%%%%%%%%%%%%%%%%%%%%%%%%%%%%%%%%%%%%%%%%%%%%%%%%%

%%%%%%%%%%%%%%%%%%%%%%%%%%%%%%%%%%%%%%%%%%%%%%%%%%%%%%%%%%%%%%%%%%%%%%%%%%%
%                                                                         %
%   Structural Boundary Value Problem                                     %
%                                                                         %
%%%%%%%%%%%%%%%%%%%%%%%%%%%%%%%%%%%%%%%%%%%%%%%%%%%%%%%%%%%%%%%%%%%%%%%%%%%

STRUCTURE_ANALYSIS
 ANALYSIS_TYPE,planeStress

STRUCTURE_MATERIAL_PROPERTIES
  DENSITY,1
  YOUNGS_MODULUS,210000
  POISSON_RATIO,0.333

STRUCTURE_NLINEAR_SCHEME
 NLINEAR_SCHEME,NEWTON_RAPHSON
 NO_LOAD_STEPS, 1
 TOLERANCE,1e-8
 MAX_ITERATIONS,100

STRUCTURE_TRANSIENT_ANALYSIS
 SOLVER STEADY_STATE
 TIME_INTEGRATION EXPLICIT_EULER
 ALPHA_BETA -.1
 GAMMA .6
 START_TIME 0
 END_TIME 10
 NUMBER_OF_TIME_STEPS 1e3
 ADAPTIVE_TIME_STEPPING true
 
STRUCTURE_INTEGRATION
 DOMAIN user
 domainNoGP 1
 boundaryNoGP 1

STRUCTURE_NODES
       1    0.99715   -0.06537    0.00000 
       2    0.98267   -0.06522    0.00000 
       3    0.98310   -0.06109    0.00000 
       4    0.98228   -0.06407    0.00000 
       5    0.96819   -0.06505    0.00000 
       6    0.96903   -0.05687    0.00000 
       7    0.96741   -0.06277    0.00000 
       8    0.95371   -0.06488    0.00000 
       9    0.95494   -0.05270    0.00000 
      10    0.95254   -0.06146    0.00000 
      11    0.93924   -0.06469    0.00000 
      12    0.94084   -0.04860    0.00000 
      13    0.93767   -0.06016    0.00000 
      14    0.92476   -0.06449    0.00000 
      15    0.92672   -0.04455    0.00000 
      16    0.92280   -0.05886    0.00000 
      17    0.91028   -0.06429    0.00000 
      18    0.91259   -0.04056    0.00000 
      19    0.90793   -0.05756    0.00000 
      20    0.89580   -0.06407    0.00000 
      21    0.89844   -0.03662    0.00000 
      22    0.89307   -0.05626    0.00000 
      23    0.88133   -0.06384    0.00000 
      24    0.88233   -0.04683    0.00000 
      25    0.88427   -0.03274    0.00000 
      26    0.87820   -0.05496    0.00000 
      27    0.87380   -0.04336    0.00000 
      28    0.86685   -0.06361    0.00000 
      29    0.87010   -0.02891    0.00000 
      30    0.86333   -0.05366    0.00000 
      31    0.85966   -0.03958    0.00000 
      32    0.85237   -0.06337    0.00000 
      33    0.85590   -0.02513    0.00000 
      34    0.84846   -0.05236    0.00000 
      35    0.84551   -0.03584    0.00000 
      36    0.83790   -0.06312    0.00000 
      37    0.84169   -0.02141    0.00000 
      38    0.83359   -0.05106    0.00000 
      39    0.83054   -0.03450    0.00000 
      40    0.82342   -0.06287    0.00000 
      41    0.82747   -0.01774    0.00000 
      42    0.81872   -0.04976    0.00000 
      43    0.81626   -0.03120    0.00000 
      44    0.80894   -0.06261    0.00000 
      45    0.81324   -0.01413    0.00000 
      46    0.80385   -0.04846    0.00000 
      47    0.80296   -0.02495    0.00000 
      48    0.79447   -0.06234    0.00000 
      49    0.79899   -0.01056    0.00000 
      50    0.79273   -0.03579    0.00000 
      51    0.78899   -0.04716    0.00000 
      52    0.78875   -0.02142    0.00000 
      53    0.77999   -0.06207    0.00000 
      54    0.78473   -0.00705    0.00000 
      55    0.77897   -0.03225    0.00000 
      56    0.77412   -0.04585    0.00000 
      57    0.77453   -0.01795    0.00000 
      58    0.76552   -0.06179    0.00000 
      59    0.77045   -0.00359    0.00000 
      60    0.76438   -0.02887    0.00000 
      61    0.75925   -0.04455    0.00000 
      62    0.76030   -0.01452    0.00000 
      63    0.75104   -0.06150    0.00000 
      64    0.75186   -0.02795    0.00000 
      65    0.75617   -0.00018    0.00000 
      66    0.74438   -0.04325    0.00000 
      67    0.74605   -0.01115    0.00000 
      68    0.73657   -0.06121    0.00000 
      69    0.73684   -0.02533    0.00000 
      70    0.74187    0.00317    0.00000 
      71    0.72951   -0.04195    0.00000 
      72    0.73179   -0.00784    0.00000 
      73    0.72209   -0.06092    0.00000 
      74    0.72756    0.00647    0.00000 
      75    0.71944   -0.02253    0.00000 
      76    0.71464   -0.04065    0.00000 
      77    0.71720   -0.00518    0.00000 
      78    0.70761   -0.06061    0.00000 
      79    0.71323    0.00972    0.00000 
      80    0.70649   -0.01342    0.00000 
      81    0.69977   -0.03935    0.00000 
      82    0.69929   -0.02556    0.00000 
      83    0.70324   -0.00136    0.00000 
      84    0.69314   -0.06031    0.00000 
      85    0.69890    0.01292    0.00000 
      86    0.69329   -0.01246    0.00000 
      87    0.68491   -0.03805    0.00000 
      88    0.68532   -0.02204    0.00000 
      89    0.68894    0.00180    0.00000 
      90    0.67866   -0.05999    0.00000 
      91    0.68455    0.01606    0.00000 
      92    0.67869   -0.00912    0.00000 
      93    0.67004   -0.03675    0.00000 
      94    0.67100   -0.01962    0.00000 
      95    0.67464    0.00491    0.00000 
      96    0.66419   -0.05966    0.00000 
      97    0.66575   -0.00578    0.00000 
      98    0.67019    0.01915    0.00000 
      99    0.65725   -0.04651    0.00000 
     100    0.65517   -0.03545    0.00000 
     101    0.66032    0.00796    0.00000 
     102    0.65405   -0.01870    0.00000 
     103    0.64971   -0.05933    0.00000 
     104    0.65128   -0.00281    0.00000 
     105    0.65582    0.02218    0.00000 
     106    0.64433   -0.04671    0.00000 
     107    0.64030   -0.03415    0.00000 
     108    0.64600    0.01095    0.00000 
     109    0.64083   -0.01441    0.00000 
     110    0.63524   -0.05899    0.00000 
     111    0.63689    0.00041    0.00000 
     112    0.64144    0.02516    0.00000 
     113    0.63188   -0.02388    0.00000 
     114    0.62832   -0.04583    0.00000 
     115    0.62543   -0.03285    0.00000 
     116    0.62812   -0.00947    0.00000 
     117    0.63166    0.01389    0.00000 
     118    0.62077   -0.05864    0.00000 
     119    0.62304    0.00455    0.00000 
     120    0.61897   -0.02043    0.00000 
     121    0.62705    0.02808    0.00000 
     122    0.61385   -0.04547    0.00000 
     123    0.61056   -0.03155    0.00000 
     124    0.61350   -0.00656    0.00000 
     125    0.61731    0.01677    0.00000 
     126    0.60629   -0.05828    0.00000 
     127    0.60847    0.00598    0.00000 
     128    0.60426   -0.01795    0.00000 
     129    0.61264    0.03095    0.00000 
     130    0.59939   -0.04510    0.00000 
     131    0.59887   -0.00544    0.00000 
     132    0.59569   -0.03024    0.00000 
     133    0.60295    0.01960    0.00000 
     134    0.59182   -0.05790    0.00000 
     135    0.59373    0.00830    0.00000 
     136    0.59822    0.03375    0.00000 
     137    0.58858   -0.01624    0.00000 
     138    0.58493   -0.04472    0.00000 
     139    0.58465   -0.00185    0.00000 
     140    0.58858    0.02236    0.00000 
     141    0.58083   -0.02894    0.00000 
     142    0.57734   -0.05752    0.00000 
     143    0.57554   -0.01371    0.00000 
     144    0.57899    0.01095    0.00000 
     145    0.58379    0.03650    0.00000 
     146    0.57144   -0.04309    0.00000 
     147    0.56980   -0.00002    0.00000 
     148    0.57420    0.02507    0.00000 
     149    0.56596   -0.02764    0.00000 
     150    0.56287   -0.05712    0.00000 
     151    0.56089   -0.01129    0.00000 
     152    0.56429    0.01383    0.00000 
     153    0.56935    0.03918    0.00000 
     154    0.55672   -0.04260    0.00000 
     155    0.55981    0.02771    0.00000 
     156    0.55510    0.00246    0.00000 
     157    0.55109   -0.02634    0.00000 
     158    0.54840   -0.05670    0.00000 
     159    0.55111    0.01653    0.00000 
     160    0.54613   -0.00913    0.00000 
     161    0.55490    0.04180    0.00000 
     162    0.54224   -0.04167    0.00000 
     163    0.54175    0.00485    0.00000 
     164    0.54541    0.03029    0.00000 
     165    0.53622   -0.02504    0.00000 
     166    0.53393   -0.05627    0.00000 
     167    0.53640    0.01884    0.00000 
     168    0.53154   -0.00603    0.00000 
     169    0.54044    0.04436    0.00000 
     170    0.52764   -0.04085    0.00000 
     171    0.52717    0.00830    0.00000 
     172    0.53100    0.03280    0.00000 
     173    0.52135   -0.02374    0.00000 
     174    0.51945   -0.05582    0.00000 
     175    0.52161    0.02122    0.00000 
     176    0.51658   -0.00711    0.00000 
     177    0.52597    0.04685    0.00000 
     178    0.51264   -0.04260    0.00000 
     179    0.51276    0.01011    0.00000 
     180    0.51658    0.03525    0.00000 
     181    0.50498   -0.05534    0.00000 
     182    0.50648   -0.02244    0.00000 
     183    0.50687    0.02385    0.00000 
     184    0.51148    0.04928    0.00000 
     185    0.49832   -0.03913    0.00000 
     186    0.50018   -0.00885    0.00000 
     187    0.50215    0.03763    0.00000 
     188    0.49677    0.00929    0.00000 
     189    0.49051   -0.05485    0.00000 
     190    0.49161   -0.02114    0.00000 
     191    0.49288    0.02596    0.00000 
     192    0.49698    0.05163    0.00000 
     193    0.48371   -0.03840    0.00000 
     194    0.48531   -0.00755    0.00000 
     195    0.48771    0.03994    0.00000 
     196    0.48263    0.01222    0.00000 
     197    0.47604   -0.05433    0.00000 
     198    0.47675   -0.01984    0.00000 
     199    0.47811    0.02845    0.00000 
     200    0.48247    0.05392    0.00000 
     201    0.46913   -0.03757    0.00000 
     202    0.47215   -0.00224    0.00000 
     203    0.46937    0.01664    0.00000 
     204    0.47326    0.04218    0.00000 
     205    0.46158   -0.05379    0.00000 
     206    0.46188   -0.01854    0.00000 
     207    0.46456    0.03052    0.00000 
     208    0.45486   -0.04052    0.00000 
     209    0.46795    0.05613    0.00000 
     210    0.45638    0.00126    0.00000 
     211    0.45558    0.01878    0.00000 
     212    0.45880    0.04434    0.00000 
     213    0.44711   -0.05321    0.00000 
     214    0.44787   -0.02883    0.00000 
     215    0.44701   -0.01724    0.00000 
     216    0.44971    0.03253    0.00000 
     217    0.44573    0.01006    0.00000 
     218    0.44042   -0.03993    0.00000 
     219    0.45342    0.05826    0.00000 
     220    0.44071   -0.00364    0.00000 
     221    0.43566   -0.02804    0.00000 
     222    0.44077    0.02076    0.00000 
     223    0.44433    0.04643    0.00000 
     224    0.43264   -0.05261    0.00000 
     225    0.43214   -0.01594    0.00000 
     226    0.43577    0.03467    0.00000 
     227    0.43112    0.00954    0.00000 
     228    0.42598   -0.03931    0.00000 
     229    0.43888    0.06032    0.00000 
     230    0.42584   -0.00234    0.00000 
     231    0.42141   -0.02709    0.00000 
     232    0.42604    0.02332    0.00000 
     233    0.42986    0.04843    0.00000 
     234    0.41818   -0.05197    0.00000 
     235    0.41727   -0.01463    0.00000 
     236    0.42091    0.03652    0.00000 
     237    0.41639    0.01194    0.00000 
     238    0.41155   -0.03866    0.00000 
     239    0.42433    0.06229    0.00000 
     240    0.41097   -0.00104    0.00000 
     241    0.40680   -0.02609    0.00000 
     242    0.41131    0.02603    0.00000 
     243    0.41537    0.05036    0.00000 
     244    0.40372   -0.05130    0.00000 
     245    0.40240   -0.01333    0.00000 
     246    0.39712   -0.03797    0.00000 
     247    0.40976    0.06418    0.00000 
     248    0.40334    0.03648    0.00000 
     249    0.39868    0.01618    0.00000 
     250    0.39610    0.00026    0.00000 
     251    0.39211   -0.02510    0.00000 
     252    0.40089    0.05218    0.00000 
     253    0.38925   -0.05059    0.00000 
     254    0.38753   -0.01203    0.00000 
     255    0.38268   -0.03725    0.00000 
     256    0.39150    0.04338    0.00000 
     257    0.38519    0.00556    0.00000 
     258    0.39518    0.06597    0.00000 
     259    0.38736    0.03116    0.00000 
     260    0.38641    0.05390    0.00000 
     261    0.37611   -0.02391    0.00000 
     262    0.37479   -0.04986    0.00000 
     263    0.37876    0.01906    0.00000 
     264    0.37267   -0.01073    0.00000 
     265    0.37952    0.04320    0.00000 
     266    0.36823   -0.03652    0.00000 
     267    0.38059    0.06764    0.00000 
     268    0.37030    0.00691    0.00000 
     269    0.37309    0.03278    0.00000 
     270    0.37192    0.05550    0.00000 
     271    0.36169   -0.02317    0.00000 
     272    0.36033   -0.04912    0.00000 
     273    0.36462    0.02058    0.00000 
     274    0.36514    0.04475    0.00000 
     275    0.35780   -0.00943    0.00000 
     276    0.35379   -0.03576    0.00000 
     277    0.36599    0.06919    0.00000 
     278    0.35546    0.00876    0.00000 
     279    0.35879    0.03424    0.00000 
     280    0.35742    0.05697    0.00000 
     281    0.34588   -0.04835    0.00000 
     282    0.34674   -0.02256    0.00000 
     283    0.35047    0.02194    0.00000 
     284    0.35076    0.04617    0.00000 
     285    0.34293   -0.00813    0.00000 
     286    0.33936   -0.03498    0.00000 
     287    0.35137    0.07061    0.00000 
     288    0.34446    0.03552    0.00000 
     289    0.34026    0.00825    0.00000 
     290    0.33341   -0.02184    0.00000 
     291    0.34291    0.05832    0.00000 
     292    0.33142   -0.04756    0.00000 
     293    0.33629    0.02311    0.00000 
     294    0.33636    0.04745    0.00000 
     295    0.32806   -0.00683    0.00000 
     296    0.32493   -0.03417    0.00000 
     297    0.32832    0.01062    0.00000 
     298    0.33674    0.07190    0.00000 
     299    0.33008    0.03660    0.00000 
     300    0.31913   -0.02031    0.00000 
     301    0.32840    0.05953    0.00000 
     302    0.31696   -0.04673    0.00000 
     303    0.32209    0.02406    0.00000 
     304    0.32194    0.04858    0.00000 
     305    0.31319   -0.00553    0.00000 
     306    0.31051   -0.03333    0.00000 
     307    0.31342    0.01187    0.00000 
     308    0.32210    0.07306    0.00000 
     309    0.31562    0.03745    0.00000 
     310    0.30465   -0.02017    0.00000 
     311    0.31387    0.06060    0.00000 
     312    0.30251   -0.04587    0.00000 
     313    0.30781    0.02478    0.00000 
     314    0.30749    0.04953    0.00000 
     315    0.29832   -0.00423    0.00000 
     316    0.29610   -0.03245    0.00000 
     317    0.29870    0.01314    0.00000 
     318    0.30744    0.07407    0.00000 
     319    0.30108    0.03806    0.00000 
     320    0.28973   -0.01902    0.00000 
     321    0.29935    0.06153    0.00000 
     322    0.28806   -0.04496    0.00000 
     323    0.29341    0.02527    0.00000 
     324    0.29300    0.05028    0.00000 
     325    0.28169   -0.03152    0.00000 
     326    0.28345   -0.00293    0.00000 
     327    0.28415    0.01401    0.00000 
     328    0.29278    0.07493    0.00000 
     329    0.28644    0.03846    0.00000 
     330    0.27524   -0.01695    0.00000 
     331    0.28482    0.06231    0.00000 
     332    0.27361   -0.04401    0.00000 
     333    0.27884    0.02560    0.00000 
     334    0.27846    0.05083    0.00000 
     335    0.26730   -0.03054    0.00000 
     336    0.26859   -0.00163    0.00000 
     337    0.26968    0.01440    0.00000 
     338    0.27811    0.07565    0.00000 
     339    0.27172    0.03873    0.00000 
     340    0.27028    0.06294    0.00000 
     341    0.26067   -0.01604    0.00000 
     342    0.25917   -0.04300    0.00000 
     343    0.26230    0.02623    0.00000 
     344    0.26385    0.05120    0.00000 
     345    0.25291   -0.02950    0.00000 
     346    0.25372   -0.00033    0.00000 
     347    0.26343    0.07620    0.00000 
     348    0.25697    0.03905    0.00000 
     349    0.24672   -0.01600    0.00000 
     350    0.25575    0.06341    0.00000 
     351    0.24473   -0.04192    0.00000 
     352    0.24742    0.01327    0.00000 
     353    0.24903    0.02916    0.00000 
     354    0.24921    0.05155    0.00000 
     355    0.23854   -0.02840    0.00000 
     356    0.23885    0.00098    0.00000 
     357    0.24875    0.07659    0.00000 
     358    0.24226    0.03957    0.00000 
     359    0.23620    0.02770    0.00000 
     360    0.24122    0.06370    0.00000 
     361    0.23179   -0.01505    0.00000 
     362    0.23030   -0.04078    0.00000 
     363    0.23255    0.01457    0.00000 
     364    0.23470    0.05241    0.00000 
     365    0.22419   -0.02722    0.00000 
     366    0.22398    0.00228    0.00000 
     367    0.23407    0.07680    0.00000 
     368    0.22736    0.03977    0.00000 
     369    0.21879   -0.01396    0.00000 
     370    0.22124    0.02173    0.00000 
     371    0.22670    0.06382    0.00000 
     372    0.21587   -0.03955    0.00000 
     373    0.22014    0.05107    0.00000 
     374    0.20985   -0.02595    0.00000 
     375    0.21938    0.07682    0.00000 
     376    0.20911    0.00358    0.00000 
     377    0.21263    0.03774    0.00000 
     378    0.20391   -0.01234    0.00000 
     379    0.21219    0.06375    0.00000 
     380    0.20145   -0.03823    0.00000 
     381    0.20451    0.02185    0.00000 
     382    0.20518    0.05063    0.00000 
     383    0.19552   -0.02459    0.00000 
     384    0.20469    0.07665    0.00000 
     385    0.19424    0.00488    0.00000 
     386    0.19775    0.03814    0.00000 
     387    0.19769    0.06348    0.00000 
     388    0.18900   -0.01113    0.00000 
     389    0.18704   -0.03681    0.00000 
     390    0.18970    0.02196    0.00000 
     391    0.19220    0.05156    0.00000 
     392    0.18123   -0.02312    0.00000 
     393    0.18601    0.03793    0.00000 
     394    0.19001    0.07628    0.00000 
     395    0.17937    0.00618    0.00000 
     396    0.18320    0.06300    0.00000 
     397    0.17421   -0.01006    0.00000 
     398    0.17265   -0.03527    0.00000 
     399    0.17633    0.02278    0.00000 
     400    0.17730    0.05002    0.00000 
     401    0.16696   -0.02153    0.00000 
     402    0.17115    0.03681    0.00000 
     403    0.17534    0.07568    0.00000 
     404    0.16451    0.00748    0.00000 
     405    0.16481    0.02324    0.00000 
     406    0.16874    0.06230    0.00000 
     407    0.15827   -0.03359    0.00000 
     408    0.15916   -0.00726    0.00000 
     409    0.16238    0.04886    0.00000 
     410    0.15273   -0.01979    0.00000 
     411    0.15630    0.03556    0.00000 
     412    0.16067    0.07485    0.00000 
     413    0.14964    0.00878    0.00000 
     414    0.14694   -0.00845    0.00000 
     415    0.15432    0.06135    0.00000 
     416    0.14390   -0.03177    0.00000 
     417    0.14708    0.02245    0.00000 
     418    0.14898    0.04822    0.00000 
     419    0.13854   -0.01790    0.00000 
     420    0.14140    0.03538    0.00000 
     421    0.14603    0.07376    0.00000 
     422    0.13418   -0.00450    0.00000 
     423    0.13477    0.01008    0.00000 
     424    0.13556    0.02167    0.00000 
     425    0.13993    0.06014    0.00000 
     426    0.12957   -0.02976    0.00000 
     427    0.13411    0.04647    0.00000 
     428    0.12440   -0.01581    0.00000 
     429    0.12690    0.03379    0.00000 
     430    0.13140    0.07238    0.00000 
     431    0.11947   -0.00184    0.00000 
     432    0.12560    0.05864    0.00000 
     433    0.11990    0.01138    0.00000 
     434    0.11526   -0.02754    0.00000 
     435    0.11921    0.04510    0.00000 
     436    0.11033   -0.01351    0.00000 
     437    0.11221    0.02944    0.00000 
     438    0.11681    0.07070    0.00000 
     439    0.10674    0.00007    0.00000 
     440    0.11134    0.05682    0.00000 
     441    0.10503    0.01268    0.00000 
     442    0.10099   -0.02508    0.00000 
     443    0.10430    0.04473    0.00000 
     444    0.09636   -0.01094    0.00000 
     445    0.09790    0.02895    0.00000 
     446    0.10227    0.06867    0.00000 
     447    0.09717    0.05464    0.00000 
     448    0.08932    0.00265    0.00000 
     449    0.09016    0.01398    0.00000 
     450    0.08678   -0.02232    0.00000 
     451    0.09019    0.04211    0.00000 
     452    0.08294   -0.01097    0.00000 
     453    0.08541    0.02805    0.00000 
     454    0.08778    0.06624    0.00000 
     455    0.08314    0.05206    0.00000 
     456    0.07529    0.01528    0.00000 
     457    0.07264   -0.01919    0.00000 
     458    0.07606    0.03958    0.00000 
     459    0.07067   -0.00176    0.00000 
     460    0.07065    0.02563    0.00000 
     461    0.07338    0.06335    0.00000 
     462    0.06931    0.04899    0.00000 
     463    0.05862   -0.01560    0.00000 
     464    0.06043    0.01659    0.00000 
     465    0.06006    0.03357    0.00000 
     466    0.05546   -0.00107    0.00000 
     467    0.05911    0.05989    0.00000 
     468    0.05524    0.04783    0.00000 
     469    0.04476   -0.01140    0.00000 
     470    0.04556    0.01789    0.00000 
     471    0.04253    0.00330    0.00000 
     472    0.04503    0.05572    0.00000 
     473    0.04269    0.04099    0.00000 
     474    0.03120   -0.00634    0.00000 
     475    0.03069    0.01919    0.00000 
     476    0.03070    0.03219    0.00000 
     477    0.03127    0.05059    0.00000 
     478    0.01823    0.00007    0.00000 
     479    0.01582    0.02049    0.00000 
     480    0.01815    0.04402    0.00000 
     481    0.00680    0.00888    0.00000 
     482    0.00664    0.03498    0.00000 
     483    0.00095    0.02179    0.00000 
STRUCTURE_ELEMENTS
       1    482   483     479
       2    480   482     479
       3    477   480     476
       4      1     3       4
       5      4     3       6
       6    169   177     172
       7    461   467     462
       8     59    65      62
       9    318   328     321
      10     25    29      27
      11    105   112     108
      12    239   247     243
      13    394   403     396
      14     12    15      16
      15     79    85      83
      16    200   209     204
      17    357   367     360
      18     41    45      43
      19    136   145     140
      20    277   287     280
      21    430   438     432
      22      6     9      10
      23     10     9      12
      24    184   192     187
      25    472   477     473
      26     70    74      72
      27    338   347     340
      28     33    37      35
      29    121   129     125
      30    258   267     260
      31    412   421     415
      32     18    21      19
      33     91    98      95
      34    219   229     223
      35    375   384     379
      36     49    54      52
      37    153   161     155
      38    298   308     301
      39    446   454     447
      40    177   184     180
      41    467   472     468
      42     65    70      67
      43    328   338     331
      44     29    33      31
      45    112   121     117
      46    247   258     252
      47    403   412     406
      48     15    18      16
      49     85    91      89
      50    209   219     212
      51    367   375     371
      52     45    49      47
      53    145   153     148
      54    287   298     291
      55    438   446     440
      56     74    79      77
      57    192   200     195
      58    347   357     350
      59     37    41      39
      60    129   136     133
      61    267   277     270
      62    421   430     425
      63     21    25      22
      64     98   105     101
      65    229   239     233
      66    384   394     387
      67     54    59      57
      68    161   169     164
      69    308   318     311
      70    454   461     455
      71    198   190     194
      72    476   480     479
      73    177   180     172
      74    172   180     175
      75    175   180     183
      76    172   175     167
      77     10     7       6
      78      6     7       4
      79    430   432     425
      80    425   432     427
      81    427   432     435
      82    425   427     418
      83    192   195     187
      84    187   195     191
      85    191   195     199
      86    187   191     183
      87    183   191     188
      88    187   183     180
      89    188   191     196
      90    183   188     179
      91    187   180     184
      92    356   346     352
      93    239   243     233
      94    233   243     236
      95    236   243     248
      96    233   236     226
      97     85    89      83
      98     83    89      86
      99     86    89      92
     100     83    86      80
     101     76    71      75
     102    412   415     406
     103    406   415     409
     104    409   415     418
     105    409   418     411
     106    418   415     425
     107    425   415     421
     108    411   418     420
     109    409   411     402
     110    406   409     400
     111    420   418     427
     112    420   427     429
     113    429   427     435
     114    429   435     437
     115    420   429     424
     116    437   435     443
     117    429   437     433
     118    411   420     417
     119    409   402     400
     120    400   402     393
     121    393   402     399
     122    400   393     391
     123    420   424     417
     124    417   423     413
     125    417   413     405
     126    402   411     405
     127    424   429     433
     128    443   435     440
     129    443   440     447
     130    443   447     451
     131    440   435     432
     132    447   440     446
     133    451   447     455
     134    451   455     458
     135    455   447     454
     136    443   451     445
     137    440   432     438
     138    458   455     462
     139    458   462     465
     140    462   455     461
     141    468   462     467
     142    451   458     453
     143    445   451     453
     144    445   453     449
     145    443   445     437
     146    437   445     441
     147    453   458     460
     148    449   453     456
     149    384   387     379
     150    379   387     382
     151    382   387     391
     152    391   387     396
     153    382   391     386
     154    396   387     394
     155    391   396     400
     156    400   396     406
     157    406   396     403
     158    386   391     393
     159    386   393     390
     160    390   393     399
     161    390   399     395
     162    386   390     381
     163    382   386     377
     164    381   390     385
     165    386   381     377
     166    377   381     370
     167    370   381     376
     168    377   370     368
     169    379   382     373
     170    382   377     373
     171    368   370     359
     172    377   368     373
     173    373   368     364
     174    364   368     358
     175    373   364     371
     176    371   364     360
     177    360   364     354
     178    373   371     379
     179    371   360     367
     180    379   371     375
     181    354   364     358
     182    354   358     348
     183    360   354     350
     184    350   354     344
     185    360   350     357
     186    344   354     348
     187    344   348     339
     188    350   344     340
     189    340   344     334
     190    350   340     347
     191    334   344     339
     192    334   339     329
     193    340   334     331
     194    331   334     324
     195    340   331     338
     196    324   334     329
     197    324   329     319
     198    331   324     321
     199    321   324     314
     200    314   324     319
     201    314   319     309
     202    321   314     311
     203    311   314     304
     204    304   314     309
     205    304   309     299
     206    311   304     301
     207    301   304     294
     208    299   309     303
     209    304   299     294
     210    294   299     288
     211    301   294     291
     212    291   294     284
     213    288   299     293
     214    294   288     284
     215    284   288     279
     216    291   284     280
     217    280   284     274
     218    279   288     283
     219    284   279     274
     220    274   279     269
     221    280   274     270
     222    270   274     265
     223    269   279     273
     224    274   269     265
     225    265   269     259
     226    270   265     260
     227    260   265     256
     228    259   269     263
     229    265   259     256
     230    256   259     248
     231    256   248     252
     232    256   252     260
     233    331   321     328
     234    309   319     313
     235    321   311     318
     236    252   248     243
     237    311   301     308
     238    301   291     298
     239    291   280     287
     240    280   270     277
     241    270   260     267
     242    260   252     258
     243    319   329     323
     244    252   243     247
     245    348   358     353
     246    339   348     343
     247    329   339     333
     248    263   269     273
     249    263   273     268
     250    268   273     278
     251    263   268     257
     252    259   263     249
     253    293   299     303
     254    293   303     297
     255    297   303     307
     256    293   297     289
     257    283   288     293
     258    283   293     289
     259    283   289     278
     260    278   289     285
     261    283   278     273
     262    283   273     279
     263    303   309     313
     264    303   313     307
     265    307   313     317
     266    317   313     323
     267    317   323     327
     268    323   313     319
     269    307   317     315
     270    327   323     333
     271    327   333     337
     272    337   333     343
     273    337   343     352
     274    327   337     326
     275    317   327     326
     276    333   323     329
     277    343   333     339
     278    358   368     359
     279    358   359     353
     280    353   359     352
     281    353   352     343
     282    353   343     348
     283    433   423     424
     284    424   423     417
     285     59    62      57
     286     57    62      60
     287     60    62      64
     288     57    60      55
     289     29    31      27
     290     27    31      30
     291     30    31      34
     292     27    30      26
     293     27    26      24
     294     24    26      22
     295     24    22      25
     296     24    25      27
     297    132   123     128
     298    275   264     268
     299    145   148     140
     300    140   148     144
     301    144   148     152
     302    140   144     135
     303     38    34      35
     304     49    52      47
     305     47    52      50
     306     50    52      55
     307     50    55      51
     308     50    51      46
     309     55    52      57
     310     57    52      54
     311     47    50      46
     312    464   456     460
     313    460   456     453
     314    464   460     465
     315    465   460     458
     316    464   465     470
     317    169   172     164
     318    164   172     167
     319    164   167     159
     320    159   167     163
     321    164   159     155
     322    155   159     152
     323    152   159     156
     324    164   155     161
     325    155   152     148
     326    156   159     163
     327    156   163     160
     328    152   156     147
     329    155   148     153
     330    160   163     168
     331    156   160     151
     332    147   156     151
     333    147   151     143
     334    143   151     149
     335    147   143     139
     336    152   147     144
     337    144   147     139
     338    144   139     135
     339    135   139     131
     340    131   139     137
     341    135   131     127
     342    168   163     171
     343    151   160     157
     344    131   137     128
     345    131   128     124
     346    124   128     120
     347    131   124     127
     348    127   124     119
     349    119   124     116
     350    127   119     125
     351    125   119     117
     352    117   119     111
     353    127   125     133
     354    111   119     116
     355    111   116     109
     356    117   111     108
     357    108   111     104
     358    109   116     113
     359    111   109     104
     360    104   109     102
     361    125   117     121
     362    133   125     129
     363    117   108     112
     364    127   133     135
     365    135   133     140
     366    140   133     136
     367    108   104     101
     368    101   104      97
     369    108   101     105
     370    102   109     107
     371    104   102      97
     372     97   102      94
     373    101    97      95
     374     95    97      92
     375     92    97      94
     376     92    94      88
     377    101    95      98
     378     95    92      89
     379     88    94      93
     380     92    88      86
     381     86    88      82
     382     82    88      87
     383     86    82      80
     384     80    82      75
     385     95    89      91
     386     94   102     100
     387    113   116     120
     388    113   120     115
     389    113   115     107
     390    113   107     109
     391    120   116     124
     392    115   120     123
     393    123   120     128
     394    160   168     165
     395    137   139     143
     396    137   143     141
     397    137   141     132
     398     65    67      62
     399     62    67      64
     400     64    67      69
     401     69    67      72
     402     69    72      75
     403     69    75      71
     404     72    67      70
     405     64    69      66
     406    165   157     160
     407    472   473     468
     408    468   473     465
     409    468   465     462
     410     37    39      35
     411     35    39      38
     412    315   305     307
     413     79    83      77
     414     77    83      80
     415     77    80      75
     416     56    51      55
     417     56    55      60
     418    219   223     212
     419    212   223     216
     420    216   223     226
     421    216   226     222
     422    226   223     233
     423    222   226     232
     424    216   222     211
     425    233   223     229
     426    212   216     207
     427    395   385     390
     428    100    93      94
     429    235   225     230
     430     22    19      21
     431    475   470     476
     432    182   173     176
     433    336   326     337
     434    209   212     204
     435    204   212     207
     436    204   207     199
     437    199   207     203
     438    204   199     195
     439    203   207     211
     440    203   211     210
     441    204   195     200
     442    199   203     196
     443    196   203     202
     444    210   211     217
     445    203   210     202
     446    202   210     206
     447    196   202     194
     448    211   207     216
     449    199   196     191
     450     66    61      64
     451     33    35      31
     452     31    35      34
     453    254   245     250
     454     41    43      39
     455     39    43      42
     456    449   441     445
     457    149   141     143
     458    295   285     289
     459     45    47      43
     460     43    47      46
     461     46    42      43
     462    376   366     370
     463     87    81      82
     464     82    81      76
     465    215   206     210
     466     74    77      72
     467     72    77      75
     468     16    13      12
     469     12    13      10
     470    479   475     476
     471    190   182     186
     472    346   336     337
     473     71    66      69
     474    264   254     257
     475    157   149     151
     476    305   295     297
     477    385   376     381
     478     93    87      88
     479    225   215     220
     480     19    16      18
     481    477   476     473
     482    473   476     470
     483    173   165     168
     484    326   315     317
     485     61    56      60
     486    404   395     399
     487    107   100     102
     488    245   235     240
     489    441   433     437
     490    285   275     278
     491     42    38      39
     492    366   356     363
     493    206   198     202
     494    217   211     222
     495    217   222     227
     496    227   222     232
     497    227   232     237
     498    217   227     220
     499    217   220     210
     500    237   232     242
     501    227   237     230
     502    227   230     220
     503    220   230     225
     504    257   268     264
     505    232   226     236
     506    232   236     242
     507    242   236     248
     508    242   248     249
     509    179   188     186
     510    249   263     257
     511    249   257     250
     512    250   257     254
     513    289   297     295
     514    188   196     194
     515    297   307     305
     516    183   179     175
     517    175   179     171
     518    175   171     167
     519    167   171     163
     520    171   179     176
     521    268   278     275
     522    259   249     248
     523    359   370     363
     524    359   363     352
     525    352   363     356
     526     60    64      61
     527    405   411     417
     528    168   171     176
     529    402   405     399
     530    399   405     404
     531    194   190     186
     532    194   186     188
     533    176   173     168
     534    240   235     230
     535    240   230     237
     536    240   237     249
     537    186   182     176
     538    186   176     179
     539    352   346     337
     540    250   245     240
     541    250   240     249
     542    220   215     210
     543    198   194     202
     544     76    75      82
     545    237   242     249
     546    366   363     370
     547    132   128     137
     548    405   413     404
     549    470   465     473
     550    483   481     479
     551    481   478     479
     552    478   474     475
     553    474   469     471
     554    189   181     185
     555      8     5       7
     556      7     5       4
     557      8     7      10
     558      8    10      11
     559     11    10      13
     560     11    13      14
     561     14    13      16
     562     14    16      17
     563     17    16      19
     564     17    19      20
     565     20    19      22
     566     20    22      23
     567     23    22      26
     568     23    26      28
     569      4     5       2
     570      4     2       1
     571     28    26      30
     572     28    30      32
     573    342   332     335
     574     73    68      71
     575    416   407     410
     576    262   253     255
     577    126   118     122
     578     36    32      34
     579     34    32      30
     580    450   442     444
     581    302   292     296
     582    158   150     154
     583     53    48      51
     584    380   372     374
     585    224   213     218
     586     96    90      93
     587    463   457     459
     588    174   166     170
     589    322   312     316
     590     63    58      61
     591    398   389     392
     592    244   234     238
     593    110   103     106
     594    434   426     428
     595    281   272     276
     596    142   134     138
     597     44    40      42
     598     42    40      38
     599    362   351     355
     600    205   197     201
     601     84    78      81
     602    469   463     466
     603    181   174     178
     604    332   322     325
     605     68    63      66
     606    407   398     401
     607    253   244     246
     608    118   110     114
     609    442   434     436
     610    292   281     286
     611    150   142     146
     612     48    44      46
     613    372   362     365
     614    213   205     208
     615     90    84      87
     616    457   450     452
     617    312   302     306
     618    166   158     162
     619     58    53      56
     620    389   380     383
     621    234   224     228
     622    103    96      99
     623    426   416     419
     624    272   262     266
     625    134   126     130
     626     40    36      38
     627     38    36      34
     628    351   342     345
     629    197   189     193
     630     78    73      76
     631    471   469     466
     632    471   466     470
     633    106   103      99
     634    106    99     100
     635    100    99      93
     636    208   205     201
     637    208   201     206
     638    154   150     146
     639    154   146     149
     640    325   322     316
     641    325   316     320
     642    320   316     310
     643    325   320     330
     644    266   262     255
     645    266   255     261
     646    261   255     251
     647    255   253     246
     648    255   246     251
     649    251   246     241
     650    241   246     238
     651    241   238     231
     652    238   246     244
     653    231   238     228
     654    231   228     221
     655    228   238     234
     656    221   228     218
     657    221   218     214
     658    231   221     225
     659    225   221     215
     660    218   228     224
     661    214   218     208
     662    214   208     206
     663    221   214     215
     664    215   214     206
     665    208   218     213
     666    241   231     235
     667    235   231     225
     668    251   241     245
     669    245   241     235
     670    355   351     345
     671    355   345     349
     672    349   345     341
     673    355   349     361
     674    383   380     374
     675    383   374     378
     676    378   374     369
     677    383   378     388
     678    170   166     162
     679    170   162     165
     680    436   434     428
     681    436   428     431
     682    431   428     422
     683    436   431     439
     684    335   332     325
     685    335   325     330
     686    335   330     341
     687    341   330     336
     688    335   341     345
     689    335   345     342
     690    276   272     266
     691    276   266     271
     692    271   266     261
     693    271   261     264
     694    264   261     254
     695    276   271     282
     696    306   302     296
     697    306   296     300
     698    300   296     290
     699    306   300     310
     700    310   300     305
     701    306   310     316
     702    306   316     312
     703    444   442     436
     704    444   436     439
     705    444   439     448
     706    448   439     441
     707    441   439     433
     708    444   448     452
     709    452   448     459
     710    444   452     450
     711    466   463     459
     712    466   459     464
     713     99    96      93
     714    392   389     383
     715    392   383     388
     716    392   388     397
     717    397   388     395
     718    392   397     401
     719    401   397     408
     720    392   401     398
     721    408   397     404
     722    401   408     410
     723    410   408     414
     724    401   410     407
     725    414   408     413
     726    410   414     419
     727    419   414     422
     728    422   414     413
     729    410   419     416
     730    419   422     428
     731    419   428     426
     732    146   142     138
     733    146   138     141
     734    185   181     178
     735    185   178     182
     736    374   372     365
     737    374   365     369
     738    369   365     361
     739    369   361     366
     740    361   365     355
     741    355   365     362
     742    130   126     122
     743    130   122     123
     744    123   122     115
     745    122   118     114
     746    122   114     115
     747    115   114     107
     748    201   197     193
     749    201   193     198
     750    286   281     276
     751    286   276     282
     752    286   282     290
     753    290   282     285
     754    286   290     296
     755    286   296     292
     756    138   134     130
     757    138   130     132
     758    162   158     154
     759    162   154     157
     760    459   457     452
     761    459   448     456
     762    114   110     106
     763    114   106     107
     764    107   106     100
     765    193   189     185
     766    193   185     190
     767    178   174     170
     768    178   170     173
     769    474   471     475
     770    173   182     178
     771    470   475     471
     772    470   466     464
     773     61    66      63
     774    326   336     330
     775    245   254     251
     776    251   254     261
     777    404   413     408
     778     81    87      84
     779    366   376     369
     780     42    46      44
     781    141   149     146
     782    285   295     290
     783    441   449     448
     784    448   449     456
     785    190   198     193
     786     71    76      73
     787    346   356     349
     788    123   132     130
     789    264   275     271
     790    271   275     282
     791    423   433     431
     792    431   433     439
     793    385   395     388
     794     51    56      53
     795    157   165     162
     796    305   315     310
     797    456   464     459
     798    182   190     185
     799    475   479     478
     800     66    71      68
     801    336   346     341
     802    413   423     422
     803    422   423     431
     804    285   282     275
     805     87    93      90
     806    376   385     378
     807     46    51      48
     808    149   157     154
     809    295   305     300
     810     76    81      78
     811    198   206     201
     812    356   366     361
     813    132   141     138
     814    395   404     397
     815     56    61      58
     816    165   173     170
     817    315   326     320
     818    330   320     326
     819    361   349     356
     820    388   378     385
     821    320   310     315
     822    349   341     346
     823    378   369     376
     824    300   290     295
STRUCTURE_DIRICHLET_NODES
     450 0.0  0.0  NaN  
     454 0.0  0.0  NaN  
     457 0.0  0.0  NaN  
     461 0.0  0.0  NaN  
     463 0.0  0.0  NaN  
     467 0.0  0.0  NaN  
     469 0.0  0.0  NaN  
     472 0.0  0.0  NaN  
     474 0.0  0.0  NaN  
     477 0.0  0.0  NaN  
     478 0.0  0.0  NaN  
     480 0.0  0.0  NaN  
     481 0.0  0.0  NaN  
     482 0.0  0.0  NaN  
     483 0.0  0.0  NaN  
STRUCTURE_FORCE_NODES
       1 boundaryLoad computeLoadVctFSI
       2 boundaryLoad computeLoadVctFSI
       3 boundaryLoad computeLoadVctFSI
       5 boundaryLoad computeLoadVctFSI
       6 boundaryLoad computeLoadVctFSI
       8 boundaryLoad computeLoadVctFSI
       9 boundaryLoad computeLoadVctFSI
      11 boundaryLoad computeLoadVctFSI
      12 boundaryLoad computeLoadVctFSI
      14 boundaryLoad computeLoadVctFSI
      15 boundaryLoad computeLoadVctFSI
      17 boundaryLoad computeLoadVctFSI
      18 boundaryLoad computeLoadVctFSI
      20 boundaryLoad computeLoadVctFSI
      21 boundaryLoad computeLoadVctFSI
      23 boundaryLoad computeLoadVctFSI
      25 boundaryLoad computeLoadVctFSI
      28 boundaryLoad computeLoadVctFSI
      29 boundaryLoad computeLoadVctFSI
      32 boundaryLoad computeLoadVctFSI
      33 boundaryLoad computeLoadVctFSI
      36 boundaryLoad computeLoadVctFSI
      37 boundaryLoad computeLoadVctFSI
      40 boundaryLoad computeLoadVctFSI
      41 boundaryLoad computeLoadVctFSI
      44 boundaryLoad computeLoadVctFSI
      45 boundaryLoad computeLoadVctFSI
      48 boundaryLoad computeLoadVctFSI
      49 boundaryLoad computeLoadVctFSI
      53 boundaryLoad computeLoadVctFSI
      54 boundaryLoad computeLoadVctFSI
      58 boundaryLoad computeLoadVctFSI
      59 boundaryLoad computeLoadVctFSI
      63 boundaryLoad computeLoadVctFSI
      65 boundaryLoad computeLoadVctFSI
      68 boundaryLoad computeLoadVctFSI
      70 boundaryLoad computeLoadVctFSI
      73 boundaryLoad computeLoadVctFSI
      74 boundaryLoad computeLoadVctFSI
      78 boundaryLoad computeLoadVctFSI
      79 boundaryLoad computeLoadVctFSI
      84 boundaryLoad computeLoadVctFSI
      85 boundaryLoad computeLoadVctFSI
      90 boundaryLoad computeLoadVctFSI
      91 boundaryLoad computeLoadVctFSI
      96 boundaryLoad computeLoadVctFSI
      98 boundaryLoad computeLoadVctFSI
     103 boundaryLoad computeLoadVctFSI
     105 boundaryLoad computeLoadVctFSI
     110 boundaryLoad computeLoadVctFSI
     112 boundaryLoad computeLoadVctFSI
     118 boundaryLoad computeLoadVctFSI
     121 boundaryLoad computeLoadVctFSI
     126 boundaryLoad computeLoadVctFSI
     129 boundaryLoad computeLoadVctFSI
     134 boundaryLoad computeLoadVctFSI
     136 boundaryLoad computeLoadVctFSI
     142 boundaryLoad computeLoadVctFSI
     145 boundaryLoad computeLoadVctFSI
     150 boundaryLoad computeLoadVctFSI
     153 boundaryLoad computeLoadVctFSI
     158 boundaryLoad computeLoadVctFSI
     161 boundaryLoad computeLoadVctFSI
     166 boundaryLoad computeLoadVctFSI
     169 boundaryLoad computeLoadVctFSI
     174 boundaryLoad computeLoadVctFSI
     177 boundaryLoad computeLoadVctFSI
     181 boundaryLoad computeLoadVctFSI
     184 boundaryLoad computeLoadVctFSI
     189 boundaryLoad computeLoadVctFSI
     192 boundaryLoad computeLoadVctFSI
     197 boundaryLoad computeLoadVctFSI
     200 boundaryLoad computeLoadVctFSI
     205 boundaryLoad computeLoadVctFSI
     209 boundaryLoad computeLoadVctFSI
     213 boundaryLoad computeLoadVctFSI
     219 boundaryLoad computeLoadVctFSI
     224 boundaryLoad computeLoadVctFSI
     229 boundaryLoad computeLoadVctFSI
     234 boundaryLoad computeLoadVctFSI
     239 boundaryLoad computeLoadVctFSI
     244 boundaryLoad computeLoadVctFSI
     247 boundaryLoad computeLoadVctFSI
     253 boundaryLoad computeLoadVctFSI
     258 boundaryLoad computeLoadVctFSI
     262 boundaryLoad computeLoadVctFSI
     267 boundaryLoad computeLoadVctFSI
     272 boundaryLoad computeLoadVctFSI
     277 boundaryLoad computeLoadVctFSI
     281 boundaryLoad computeLoadVctFSI
     287 boundaryLoad computeLoadVctFSI
     292 boundaryLoad computeLoadVctFSI
     298 boundaryLoad computeLoadVctFSI
     302 boundaryLoad computeLoadVctFSI
     308 boundaryLoad computeLoadVctFSI
     312 boundaryLoad computeLoadVctFSI
     318 boundaryLoad computeLoadVctFSI
     322 boundaryLoad computeLoadVctFSI
     328 boundaryLoad computeLoadVctFSI
     332 boundaryLoad computeLoadVctFSI
     338 boundaryLoad computeLoadVctFSI
     342 boundaryLoad computeLoadVctFSI
     347 boundaryLoad computeLoadVctFSI
     351 boundaryLoad computeLoadVctFSI
     357 boundaryLoad computeLoadVctFSI
     362 boundaryLoad computeLoadVctFSI
     367 boundaryLoad computeLoadVctFSI
     372 boundaryLoad computeLoadVctFSI
     375 boundaryLoad computeLoadVctFSI
     380 boundaryLoad computeLoadVctFSI
     384 boundaryLoad computeLoadVctFSI
     389 boundaryLoad computeLoadVctFSI
     394 boundaryLoad computeLoadVctFSI
     398 boundaryLoad computeLoadVctFSI
     403 boundaryLoad computeLoadVctFSI
     407 boundaryLoad computeLoadVctFSI
     412 boundaryLoad computeLoadVctFSI
     416 boundaryLoad computeLoadVctFSI
     421 boundaryLoad computeLoadVctFSI
     426 boundaryLoad computeLoadVctFSI
     430 boundaryLoad computeLoadVctFSI
     434 boundaryLoad computeLoadVctFSI
     438 boundaryLoad computeLoadVctFSI
     442 boundaryLoad computeLoadVctFSI
     446 boundaryLoad computeLoadVctFSI
     450 boundaryLoad computeLoadVctFSI
     454 boundaryLoad computeLoadVctFSI
     457 boundaryLoad computeLoadVctFSI
     461 boundaryLoad computeLoadVctFSI
     463 boundaryLoad computeLoadVctFSI
     467 boundaryLoad computeLoadVctFSI
     469 boundaryLoad computeLoadVctFSI
     472 boundaryLoad computeLoadVctFSI
     474 boundaryLoad computeLoadVctFSI
     477 boundaryLoad computeLoadVctFSI
     478 boundaryLoad computeLoadVctFSI
     480 boundaryLoad computeLoadVctFSI
     481 boundaryLoad computeLoadVctFSI
     482 boundaryLoad computeLoadVctFSI
     483 boundaryLoad computeLoadVctFSI

