%%%%%%%%%%%%%%%%%%%%%%%%%%%%%%%%%%%%%%%%%%%%%%%%%%%%%%%%%%%%%%%%%%%%%%%%%%%
%                                                                         %
%   License:        BSD License                                           %
%                   cane Multiphysics default license: cane/license.txt   %
%                                                                         %
%   Main authors:   Andreas Apostolatos                                   %
%                                                                         %
%%%%%%%%%%%%%%%%%%%%%%%%%%%%%%%%%%%%%%%%%%%%%%%%%%%%%%%%%%%%%%%%%%%%%%%%%%%

%%%%%%%%%%%%%%%%%%%%%%%%%%%%%%%%%%%%%%%%%%%%%%%%%%%%%%%%%%%%%%%%%%%%%%%%%%%
%                                                                         %
%   cane Input File                                                       %
%                                                                         %
%%%%%%%%%%%%%%%%%%%%%%%%%%%%%%%%%%%%%%%%%%%%%%%%%%%%%%%%%%%%%%%%%%%%%%%%%%%

%%%%%%%%%%%%%%%%%%%%%%%%%%%%%%%%%%%%%%%%%%%%%%%%%%%%%%%%%%%%%%%%%%%%%%%%%%%
%                                                                         %
%   Structural Boundary Value Problem                                     %
%                                                                         %
%%%%%%%%%%%%%%%%%%%%%%%%%%%%%%%%%%%%%%%%%%%%%%%%%%%%%%%%%%%%%%%%%%%%%%%%%%%

STRUCTURE_ANALYSIS
 ANALYSIS_TYPE,planeStress

STRUCTURE_MATERIAL_PROPERTIES
 DENSITY,1.0
 YOUNGS_MODULUS,1e7
 POISSON_RATIO,0.3333
 THICKNESS,1.0

STRUCTURE_NLINEAR_SCHEME
 NLINEAR_SCHEME,NEWTON_RAPHSON
 NO_LOAD_STEPS,1
 TOLERANCE,1e-8
 MAX_ITERATIONS,100

STRUCTURE_TRANSIENT_ANALYSIS
 SOLVER STEADY_STATE
 TIME_INTEGRATION EXPLICIT_EULER
 ALPHA_BETA -0.1
 GAMMA 0.6
 START_TIME 0
 END_TIME 10
 NUMBER_OF_TIME_STEPS 100
 ADAPTIVE_TIME_STEPPING false
 
 STRUCTURE_INTEGRATION
  DOMAIN user
  domainNoGP 1
  boundaryNoGP 1

STRUCTURE_NODES
       1   -1.00000   -1.00000    0.00000 
       2   -0.85714   -1.00000    0.00000 
       3   -1.00000   -0.85714    0.00000 
       4   -0.78571   -0.87876    0.00000 
       5   -0.86939   -0.76060    0.00000 
       6   -0.71429   -1.00000    0.00000 
       7   -1.00000   -0.71429    0.00000 
       8   -0.73223   -0.73223    0.00000 
       9   -0.62057   -0.82899    0.00000 
      10   -0.82899   -0.62057    0.00000 
      11   -0.57143   -1.00000    0.00000 
      12   -1.00000   -0.57143    0.00000 
      13   -0.60026   -0.69274    0.00000 
      14   -0.69274   -0.60026    0.00000 
      15   -0.49628   -0.90887    0.00000 
      16   -0.90887   -0.49628    0.00000 
      17   -0.49557   -0.77112    0.00000 
      18   -0.77112   -0.49557    0.00000 
      19   -0.42857   -1.00000    0.00000 
      20   -1.00000   -0.42857    0.00000 
      21   -0.56386   -0.56386    0.00000 
      22   -0.47787   -0.63836    0.00000 
      23   -0.63836   -0.47787    0.00000 
      24   -0.37503   -0.85807    0.00000 
      25   -0.85807   -0.37503    0.00000 
      26   -0.38216   -0.69988    0.00000 
      27   -0.69988   -0.38216    0.00000 
      28   -0.28571   -1.00000    0.00000 
      29   -1.00000   -0.28571    0.00000 
      30   -0.44393   -0.51232    0.00000 
      31   -0.51232   -0.44393    0.00000 
      32   -0.25824   -0.87950    0.00000 
      33   -0.87950   -0.25824    0.00000 
      34   -0.27867   -0.74714    0.00000 
      35   -0.74714   -0.27867    0.00000 
      36   -0.36650   -0.57029    0.00000 
      37   -0.57029   -0.36650    0.00000 
      38   -0.28161   -0.61664    0.00000 
      39   -0.61664   -0.28161    0.00000 
      40   -0.40504   -0.40504    0.00000 
      41   -0.34327   -0.45856    0.00000 
      42   -0.45856   -0.34327    0.00000 
      43   -0.17094   -0.79559    0.00000 
      44   -0.79559   -0.17094    0.00000 
      45   -0.14286   -1.00000    0.00000 
      46   -1.00000   -0.14286    0.00000 
      47   -0.27452   -0.50275    0.00000 
      48   -0.50275   -0.27452    0.00000 
      49   -0.19099   -0.65044    0.00000 
      50   -0.65044   -0.19099    0.00000 
      51   -0.32743   -0.37787    0.00000 
      52   -0.37787   -0.32743    0.00000 
      53   -0.20018   -0.53670    0.00000 
      54   -0.53670   -0.20018    0.00000 
      55   -0.27032   -0.42063    0.00000 
      56   -0.42063   -0.27032    0.00000 
      57   -0.05861   -0.82880    0.00000 
      58   -0.82821   -0.05865    0.00000 
      59   -0.09648   -0.67100    0.00000 
      60   -0.67100   -0.09648    0.00000 
      61   -0.20771   -0.45482    0.00000 
      62   -0.45482   -0.20771    0.00000 
      63   -0.12176   -0.55972    0.00000 
      64   -0.55972   -0.12176    0.00000 
      65   -0.00000   -1.00000    0.00000 
      66   -1.00000    0.00000    0.00000 
      67   -0.14087   -0.47975    0.00000 
      68   -0.47975   -0.14087    0.00000 
      69   -0.04086   -0.57136    0.00000 
      70   -0.57136   -0.04086    0.00000 
      71   -0.00000   -0.67790    0.00000 
      72   -0.67790    0.00000    0.00000 
      73   -0.07116   -0.49491    0.00000 
      74   -0.49491   -0.07116    0.00000 
      75   -0.82876    0.05860    0.00000 
      76    0.05864   -0.82831    0.00000 
      77   -0.00000   -0.50000    0.00000 
      78   -0.50000    0.00000    0.00000 
      79    0.04086   -0.57136    0.00000 
      80   -0.57136    0.04086    0.00000 
      81    0.14286   -1.00000    0.00000 
      82   -1.00000    0.14286    0.00000 
      83    0.09648   -0.67100    0.00000 
      84   -0.67100    0.09648    0.00000 
      85    0.07116   -0.49491    0.00000 
      86   -0.49491    0.07116    0.00000 
      87    0.17093   -0.79548    0.00000 
      88   -0.79548    0.17093    0.00000 
      89    0.12176   -0.55972    0.00000 
      90   -0.55972    0.12176    0.00000 
      91    0.19099   -0.65044    0.00000 
      92   -0.65044    0.19099    0.00000 
      93    0.14087   -0.47975    0.00000 
      94   -0.47975    0.14087    0.00000 
      95    0.25824   -0.87950    0.00000 
      96   -0.87950    0.25824    0.00000 
      97    0.28571   -1.00000    0.00000 
      98   -1.00000    0.28571    0.00000 
      99    0.20018   -0.53670    0.00000 
     100   -0.53670    0.20018    0.00000 
     101    0.27867   -0.74714    0.00000 
     102   -0.74714    0.27867    0.00000 
     103    0.20771   -0.45482    0.00000 
     104   -0.45482    0.20771    0.00000 
     105    0.28161   -0.61664    0.00000 
     106   -0.61664    0.28161    0.00000 
     107    0.27452   -0.50275    0.00000 
     108   -0.50275    0.27452    0.00000 
     109    0.37503   -0.85807    0.00000 
     110   -0.85807    0.37503    0.00000 
     111    0.27032   -0.42063    0.00000 
     112   -0.42063    0.27032    0.00000 
     113    0.38216   -0.69988    0.00000 
     114   -0.69988    0.38216    0.00000 
     115    0.42857   -1.00000    0.00000 
     116   -1.00000    0.42857    0.00000 
     117    0.36650   -0.57029    0.00000 
     118   -0.57029    0.36650    0.00000 
     119    0.34327   -0.45856    0.00000 
     120   -0.45856    0.34327    0.00000 
     121    0.32743   -0.37787    0.00000 
     122   -0.37787    0.32743    0.00000 
     123    0.49628   -0.90887    0.00000 
     124   -0.90887    0.49628    0.00000 
     125    0.49557   -0.77112    0.00000 
     126   -0.77112    0.49557    0.00000 
     127    0.47787   -0.63836    0.00000 
     128   -0.63836    0.47787    0.00000 
     129    0.44393   -0.51232    0.00000 
     130   -0.51232    0.44393    0.00000 
     131    0.40504   -0.40504    0.00000 
     132   -0.40504    0.40504    0.00000 
     133    0.37787   -0.32743    0.00000 
     134   -0.32743    0.37787    0.00000 
     135    0.57143   -1.00000    0.00000 
     136   -1.00000    0.57143    0.00000 
     137    0.42063   -0.27032    0.00000 
     138   -0.27032    0.42063    0.00000 
     139    0.45856   -0.34327    0.00000 
     140   -0.34327    0.45856    0.00000 
     141    0.51232   -0.44393    0.00000 
     142   -0.44393    0.51232    0.00000 
     143    0.56386   -0.56386    0.00000 
     144   -0.56386    0.56386    0.00000 
     145    0.60026   -0.69274    0.00000 
     146   -0.69274    0.60026    0.00000 
     147    0.62057   -0.82899    0.00000 
     148   -0.82899    0.62057    0.00000 
     149    0.45482   -0.20771    0.00000 
     150   -0.20771    0.45482    0.00000 
     151    0.50275   -0.27452    0.00000 
     152   -0.27452    0.50275    0.00000 
     153    0.57029   -0.36650    0.00000 
     154   -0.36650    0.57029    0.00000 
     155    0.47975   -0.14087    0.00000 
     156   -0.14087    0.47975    0.00000 
     157    0.71429   -1.00000    0.00000 
     158   -1.00000    0.71429    0.00000 
     159    0.63836   -0.47787    0.00000 
     160   -0.47787    0.63836    0.00000 
     161    0.53670   -0.20018    0.00000 
     162   -0.20018    0.53670    0.00000 
     163    0.69274   -0.60026    0.00000 
     164   -0.60026    0.69274    0.00000 
     165    0.73223   -0.73223    0.00000 
     166   -0.73223    0.73223    0.00000 
     167    0.49491   -0.07116    0.00000 
     168   -0.07116    0.49491    0.00000 
     169    0.61664   -0.28161    0.00000 
     170   -0.28161    0.61664    0.00000 
     171    0.78571   -0.87876    0.00000 
     172   -0.87876    0.78571    0.00000 
     173    0.55972   -0.12176    0.00000 
     174   -0.12176    0.55972    0.00000 
     175    0.50000    0.00000    0.00000 
     176    0.00000    0.50000    0.00000 
     177    0.69988   -0.38216    0.00000 
     178   -0.38216    0.69988    0.00000 
     179    0.65044   -0.19099    0.00000 
     180   -0.19099    0.65044    0.00000 
     181    0.49491    0.07116    0.00000 
     182    0.07116    0.49491    0.00000 
     183    0.57136   -0.04086    0.00000 
     184   -0.04086    0.57136    0.00000 
     185   -0.49557    0.77112    0.00000 
     186    0.77112   -0.49557    0.00000 
     187    0.85714   -1.00000    0.00000 
     188   -1.00000    0.85714    0.00000 
     189    0.82899   -0.62057    0.00000 
     190   -0.62057    0.82899    0.00000 
     191    0.47975    0.14087    0.00000 
     192    0.14087    0.47975    0.00000 
     193    0.86939   -0.76060    0.00000 
     194   -0.76060    0.86939    0.00000 
     195    0.57136    0.04086    0.00000 
     196    0.04086    0.57136    0.00000 
     197    0.74714   -0.27867    0.00000 
     198   -0.27867    0.74714    0.00000 
     199    0.45482    0.20771    0.00000 
     200    0.20771    0.45482    0.00000 
     201    0.67100   -0.09648    0.00000 
     202   -0.09648    0.67100    0.00000 
     203    0.42063    0.27032    0.00000 
     204    0.27032    0.42063    0.00000 
     205    0.37787    0.32743    0.00000 
     206    0.32743    0.37787    0.00000 
     207    0.55972    0.12176    0.00000 
     208    0.12176    0.55972    0.00000 
     209    0.53670    0.20018    0.00000 
     210    0.20018    0.53670    0.00000 
     211    0.00000    0.67790    0.00000 
     212    0.67790    0.00000    0.00000 
     213    0.85807   -0.37503    0.00000 
     214   -0.37503    0.85807    0.00000 
     215    0.50275    0.27452    0.00000 
     216    0.27452    0.50275    0.00000 
     217    0.90887   -0.49628    0.00000 
     218   -0.49628    0.90887    0.00000 
     219    0.79548   -0.17093    0.00000 
     220   -0.17094    0.79559    0.00000 
     221    0.34327    0.45856    0.00000 
     222    0.45856    0.34327    0.00000 
     223    0.40504    0.40504    0.00000 
     224    0.67100    0.09648    0.00000 
     225    0.09648    0.67100    0.00000 
     226    1.00000   -1.00000    0.00000 
     227   -1.00000    1.00000    0.00000 
     228    1.00000   -0.85714    0.00000 
     229   -0.85714    1.00000    0.00000 
     230    1.00000   -0.71429    0.00000 
     231   -0.71429    1.00000    0.00000 
     232    0.87950   -0.25824    0.00000 
     233   -0.25824    0.87950    0.00000 
     234    0.65044    0.19099    0.00000 
     235    0.19099    0.65044    0.00000 
     236    1.00000   -0.57143    0.00000 
     237   -0.57143    1.00000    0.00000 
     238   -0.05865    0.82821    0.00000 
     239    0.82876   -0.05860    0.00000 
     240    0.61664    0.28161    0.00000 
     241    0.28161    0.61664    0.00000 
     242    1.00000   -0.42857    0.00000 
     243   -0.42857    1.00000    0.00000 
     244    0.36650    0.57029    0.00000 
     245    0.57029    0.36650    0.00000 
     246    0.51232    0.44393    0.00000 
     247    0.44393    0.51232    0.00000 
     248    0.82821    0.05865    0.00000 
     249    0.05860    0.82876    0.00000 
     250    1.00000   -0.28571    0.00000 
     251   -0.28571    1.00000    0.00000 
     252    0.17093    0.79548    0.00000 
     253    0.79559    0.17094    0.00000 
     254    0.74714    0.27867    0.00000 
     255    0.27867    0.74714    0.00000 
     256    1.00000   -0.14286    0.00000 
     257   -0.14286    1.00000    0.00000 
     258    0.69988    0.38216    0.00000 
     259    0.38216    0.69988    0.00000 
     260    0.47787    0.63836    0.00000 
     261    0.63836    0.47787    0.00000 
     262    0.56386    0.56386    0.00000 
     263    1.00000   -0.00000    0.00000 
     264    0.00000    1.00000    0.00000 
     265    0.87950    0.25824    0.00000 
     266    0.25824    0.87950    0.00000 
     267    1.00000    0.14286    0.00000 
     268    0.14286    1.00000    0.00000 
     269    0.85807    0.37503    0.00000 
     270    0.37503    0.85807    0.00000 
     271    0.49557    0.77112    0.00000 
     272    0.77112    0.49557    0.00000 
     273    0.60026    0.69274    0.00000 
     274    0.69274    0.60026    0.00000 
     275    1.00000    0.28571    0.00000 
     276    0.28571    1.00000    0.00000 
     277    0.90887    0.49628    0.00000 
     278    0.49628    0.90887    0.00000 
     279    0.62057    0.82899    0.00000 
     280    0.82899    0.62057    0.00000 
     281    0.73223    0.73223    0.00000 
     282    1.00000    0.42857    0.00000 
     283    0.42857    1.00000    0.00000 
     284    1.00000    0.57143    0.00000 
     285    0.57143    1.00000    0.00000 
     286    0.86939    0.76060    0.00000 
     287    0.78571    0.87876    0.00000 
     288    1.00000    0.71429    0.00000 
     289    0.71429    1.00000    0.00000 
     290    1.00000    0.85714    0.00000 
     291    0.85714    1.00000    0.00000 
     292    1.00000    1.00000    0.00000 

STRUCTURE_ELEMENTS
       1    175   167     183
       2     51    52      40
       3    168   176     184
       4    103    93      99
       5     94   104     100
       6    203   199     215
       7    137   133     139
       8     68    74      64
       9    200   204     216
      10     73    67      63
      11    134   138     140
      12    155   149     161
      13     56    62      48
      14    182   192     208
      15     85    77      79
      16    112   122     120
      17    191   181     207
      18    121   111     119
      19     78    86      80
      20    206   205     223
      21     61    55      47
      22    150   156     162
      23    167   155     173
      24     52    56      42
      25    176   182     196
      26     93    85      89
      27    104   112     108
      28    199   191     209
      29    133   121     131
      30     74    78      70
      31    204   206     221
      32     67    61      53
      33    138   150     152
      34    149   137     151
      35     62    68      54
      36    192   200     210
      37     77    73      69
      38    122   134     132
      39    181   175     195
      40    111   103     107
      41     86    94      90
      42    205   203     222
      43     55    51      41
      44    156   168     174
      45    183   167     173
      46    183   173     201
      47    207   181     195
      48    207   195     224
      49    152   150     162
      50    152   162     170
      51    216   204     221
      52    216   221     244
      53    196   182     208
      54    196   208     225
      55     90    94     100
      56     90   100      92
      57    100   104     108
      58    100   108     106
      59     47    55      41
      60     47    41      36
      61     69    73      63
      62     69    63      59
      63     48    62      54
      64     48    54      39
      65    131   121     119
      66    131   119     129
      67    184   176     196
      68    184   196     211
      69     80    86      90
      70     80    90      84
      71     54    68      64
      72     54    64      50
      73    140   138     152
      74    140   152     154
      75    108   112     120
      76    108   120     118
      77     41    51      40
      78     41    40      30
      79    139   133     131
      80    139   131     141
      81    173   155     161
      82    173   161     179
      83    195   175     183
      84    195   183     212
      85     79    77      69
      86     79    69      71
      87    221   206     223
      88    221   223     247
      89     40    52      42
      90     40    42      31
      91    119   111     107
      92    119   107     117
      93    151   137     139
      94    151   139     153
      95     63    67      53
      96     63    53      49
      97     89    85      79
      98     89    79      83
      99    222   203     215
     100    222   215     245
     101    215   199     209
     102    215   209     240
     103    162   156     174
     104    162   174     180
     105    132   134     140
     106    132   140     142
     107    208   192     210
     108    208   210     235
     109     70    78      80
     110     70    80      72
     111     99    93      89
     112     99    89      91
     113    223   205     222
     114    223   222     246
     115    210   200     216
     116    210   216     241
     117    161   149     151
     118    161   151     169
     119    209   191     207
     120    209   207     234
     121    174   168     184
     122    174   184     202
     123     64    74      70
     124     64    70      60
     125     42    56      48
     126     42    48      37
     127    107   103      99
     128    107    99     105
     129    120   122     132
     130    120   132     130
     131     53    61      47
     132     53    47      38
     133    201   173     179
     134    201   179     219
     135     30    40      31
     136     30    31      21
     137     72    80      84
     138     72    84      75
     139     59    63      49
     140     59    49      43
     141    153   139     141
     142    153   141     159
     143     37    48      39
     144     37    39      27
     145    225   208     235
     146    225   235     252
     147     71    69      59
     148     71    59      57
     149    169   151     153
     150    169   153     177
     151     84    90      92
     152     84    92      88
     153    240   209     234
     154    240   234     254
     155    170   162     180
     156    170   180     198
     157    179   161     169
     158    179   169     197
     159    246   222     245
     160    246   245     261
     161    129   119     117
     162    129   117     127
     163     83    79      71
     164     83    71      76
     165    130   132     142
     166    130   142     144
     167    106   108     118
     168    106   118     114
     169     31    42      37
     170     31    37      23
     171    202   184     211
     172    202   211     238
     173    154   152     170
     174    154   170     178
     175    142   140     154
     176    142   154     160
     177    224   195     212
     178    224   212     248
     179    141   131     129
     180    141   129     143
     181     91    89      83
     182     91    83      87
     183     39    54      50
     184     39    50      35
     185     49    53      38
     186     49    38      34
     187    105    99      91
     188    105    91     101
     189     92   100     106
     190     92   106     102
     191    247   223     246
     192    247   246     262
     193    234   207     224
     194    234   224     253
     195     50    64      60
     196     50    60      44
     197    180   174     202
     198    180   202     220
     199    244   221     247
     200    244   247     260
     201    212   183     201
     202    212   201     239
     203    241   216     244
     204    241   244     259
     205    211   196     225
     206    211   225     249
     207    245   215     240
     208    245   240     258
     209     38    47      36
     210     38    36      26
     211     36    41      30
     212     36    30      22
     213    117   107     105
     214    117   105     113
     215     60    70      72
     216     60    72      58
     217    118   120     130
     218    118   130     128
     219    235   210     241
     220    235   241     255
     221    219   179     197
     222    219   197     232
     223    144   142     160
     224    144   160     164
     225    220   202     238
     226    220   238     257
     227    177   153     159
     228    177   159     186
     229     87    83      76
     230     87    76      81
     231    113   105     101
     232    113   101     109
     233    159   141     143
     234    159   143     163
     235    178   170     198
     236    178   198     214
     237    249   225     252
     238    249   252     268
     239    197   169     177
     240    197   177     213
     241    102   106     114
     242    102   114     110
     243     75    84      88
     244     75    88      82
     245     23    37      27
     246     23    27      18
     247    239   201     219
     248    239   219     256
     249    254   234     253
     250    254   253     265
     251     34    38      26
     252     34    26      24
     253    128   130     144
     254    128   144     146
     255    252   235     255
     256    252   255     266
     257    248   212     239
     258    248   239     263
     259     26    36      22
     260     26    22      17
     261    127   117     113
     262    127   113     125
     263    253   224     248
     264    253   248     267
     265     21    31      23
     266     21    23      14
     267    114   118     128
     268    114   128     126
     269    260   247     262
     270    260   262     273
     271     88    92     102
     272     88   102      96
     273     35    50      44
     274     35    44      33
     275     58    72      75
     276     58    75      66
     277     27    39      35
     278     27    35      25
     279    160   154     178
     280    160   178     185
     281    258   240     254
     282    258   254     269
     283    261   245     258
     284    261   258     272
     285    262   246     261
     286    262   261     274
     287     43    49      34
     288     43    34      32
     289    238   211     249
     290    238   249     264
     291    259   244     260
     292    259   260     271
     293    198   180     220
     294    198   220     233
     295    101    91      87
     296    101    87      95
     297    255   241     259
     298    255   259     270
     299     57    59      43
     300     57    43      45
     301    143   129     127
     302    143   127     145
     303     22    30      21
     304     22    21      13
     305     76    71      57
     306     76    57      65
     307     44    60      58
     308     44    58      46
     309    232   197     213
     310    232   213     250
     311     18    27      25
     312     18    25      16
     313    126   128     146
     314    126   146     148
     315    274   261     272
     316    274   272     280
     317    163   143     145
     318    163   145     165
     319    266   255     270
     320    266   270     276
     321     25    35      33
     322     25    29      20
     323     95    87      81
     324    186   159     163
     325    186   163     189
     326     24    26      17
     327     24    17      15
     328     96   102     110
     329     96   110      98
     330    271   260     273
     331    271   273     279
     332    213   177     186
     333    213   186     217
     334    125   113     109
     335    125   109     123
     336    269   254     265
     337    269   275     282
     338    145   127     125
     339    145   125     147
     340    164   160     185
     341    164   185     190
     342    265   253     267
     343    273   262     274
     344    273   274     281
     345     32    34      24
     346     32    24      28
     347    214   198     233
     348    214   251     243
     349     17    22      13
     350     17    13       9
     351    185   178     214
     352    185   214     218
     353    270   259     271
     354    270   271     278
     355    109   101      95
     356    109    97     115
     357    146   144     164
     358    146   164     166
     359     33    44      46
     360    233   220     257
     361    110   114     126
     362    110   126     124
     363     14    23      18
     364     14    18      10
     365    272   258     269
     366    272   269     277
     367     13    21      14
     368     13    14       8
     369    219   232     256
     370    252   266     268
     371     88    96      82
     372     43    32      45
     373     16    25      20
     374     16    20      12
     375     16    12      10
     376    123   109     115
     377    123   115     135
     378    123   135     147
     379    124   126     148
     380    189   163     165
     381      9    13       8
     382    280   272     277
     383    190   185     218
     384    277   269     282
     385    277   282     284
     386    277   284     280
     387    279   273     281
     388    278   271     279
     389    148   146     166
     390    147   125     123
     391     10    18      16
     392     15    17       9
     393    218   214     243
     394    218   243     237
     395    218   237     190
     396    165   145     147
     397    281   274     280
     398      8    14      10
     399    217   186     189
     400    166   164     190
     401    110   124     116
     402    116   124     136
     403    136   124     148
     404    270   278     283
     405    283   278     285
     406    285   278     279
     407     24    15      19
     408     19    15      11
     409     11    15       9
     410    213   217     242
     411    242   217     236
     412    236   217     189
     413      1     2       3
     414    230   236     189
     415    283   276     270
     416    266   276     268
     417     82    66      75
     418     81    97      95
     419     95    97     109
     420    231   229     194
     421    194   229     172
     422    231   194     190
     423     19    28      24
     424     32    28      45
     425    256   263     239
     426    257   251     233
     427    233   251     214
     428    157   187     171
     429    171   187     228
     430    157   171     147
     431    292   291     290
     432    158   136     148
     433      6    11       9
     434    242   250     213
     435    232   250     256
     436    268   264     249
     437     46    29      33
     438     33    29      25
     439    288   290     286
     440    286   290     287
     441    288   286     280
     442    227   188     229
     443     45    65      57
     444    267   275     265
     445    265   275     269
     446      7     3       5
     447      5     3       4
     448      7     5      10
     449    226   228     187
     450    289   285     279
     451    116    98     110
     452     96    98      82
     453      2     6       4
     454      4     6       9
     455      2     4       3
     456      5     4       8
     457     66    46      58
     458    284   288     280
     459    263   267     248
     460     12     7      10
     461    291   289     287
     462    287   289     279
     463    291   287     290
     464    286   287     281
     465    264   257     238
     466    135   157     147
     467    188   158     172
     468    172   158     148
     469    188   172     229
     470    194   172     166
     471     65    81      76
     472    237   231     190
     473    228   230     193
     474    193   230     189
     475    228   193     171
     476    171   193     165
     477      9     8       4
     478    148   166     172
     479    281   280     286
     480    165   147     171
     481    189   165     193
     482      8    10       5
     483    279   281     287
     484    166   190     194

STRUCTURE_DIRICHLET_NODES
       1 0.0 0.0 0.0
       2 0.0 0.0 0.0
       6 0.0 0.0 0.0
      11 0.0 0.0 0.0
      19 0.0 0.0 0.0
      28 0.0 0.0 0.0
      45 0.0 0.0 0.0
      65 0.0 0.0 0.0
      81 0.0 0.0 0.0
      97 0.0 0.0 0.0
     115 0.0 0.0 0.0
     135 0.0 0.0 0.0
     157 0.0 0.0 0.0
     187 0.0 0.0 0.0
     226 0.0 0.0 0.0

STRUCTURE_FORCE_NODES
     227 boundaryLoad computeConstantVerticalLoad
     229 boundaryLoad computeConstantVerticalLoad
     231 boundaryLoad computeConstantVerticalLoad
     237 boundaryLoad computeConstantVerticalLoad
     243 boundaryLoad computeConstantVerticalLoad
     251 boundaryLoad computeConstantVerticalLoad
     257 boundaryLoad computeConstantVerticalLoad
     264 boundaryLoad computeConstantVerticalLoad
     268 boundaryLoad computeConstantVerticalLoad
     276 boundaryLoad computeConstantVerticalLoad
     283 boundaryLoad computeConstantVerticalLoad
     285 boundaryLoad computeConstantVerticalLoad
     289 boundaryLoad computeConstantVerticalLoad
     291 boundaryLoad computeConstantVerticalLoad
     292 boundaryLoad computeConstantVerticalLoad

%%%%%%%%%%%%%%%%%%%%%%%%%%%%%%%%%%%%%%%%%%%%%%%%%%%%%%%%%%%%%%%%%%%%%%%%%%%
%                                                                         %
%   Fluid Boundary Value Problem                                          %
%                                                                         %
%%%%%%%%%%%%%%%%%%%%%%%%%%%%%%%%%%%%%%%%%%%%%%%%%%%%%%%%%%%%%%%%%%%%%%%%%%%
        
FLUID_ELEMENTS


OUTLET_NODES
WALL_NODES
INLET_NODES
FSI_INTERFACE_NODES
FLUID_NODES
