%%%%%%%%%%%%%%%%%%%%%%%%%%%%%%%%%%%%%%%%%%%%%%%%%%%%%%%%%%%%%%%%%%%%%%%%%%%
%                                                                         %
%   License:        BSD License                                           %
%                   cane Multiphysics default license: cane/license.txt   %
%                                                                         %
%   Main authors:   Andreas Apostolatos                                   %
%                                                                         %
%%%%%%%%%%%%%%%%%%%%%%%%%%%%%%%%%%%%%%%%%%%%%%%%%%%%%%%%%%%%%%%%%%%%%%%%%%%

%%%%%%%%%%%%%%%%%%%%%%%%%%%%%%%%%%%%%%%%%%%%%%%%%%%%%%%%%%%%%%%%%%%%%%%%%%%
%                                                                         %
%   cane Input File                                                       %
%                                                                         %
%%%%%%%%%%%%%%%%%%%%%%%%%%%%%%%%%%%%%%%%%%%%%%%%%%%%%%%%%%%%%%%%%%%%%%%%%%%

%%%%%%%%%%%%%%%%%%%%%%%%%%%%%%%%%%%%%%%%%%%%%%%%%%%%%%%%%%%%%%%%%%%%%%%%%%%
%                                                                         %
%   Structural Boundary Value Problem                                     %
%                                                                         %
%%%%%%%%%%%%%%%%%%%%%%%%%%%%%%%%%%%%%%%%%%%%%%%%%%%%%%%%%%%%%%%%%%%%%%%%%%%

STRUCTURE_ANALYSIS
 ANALYSIS_TYPE,planeStress

STRUCTURE_MATERIAL_PROPERTIES
  DENSITY,7810
  YOUNGS_MODULUS,1e5
  POISSON_RATIO,0.0

STRUCTURE_NLINEAR_SCHEME
  NLINEAR_SCHEME,UNDEFINED

STRUCTURE_TRANSIENT_ANALYSIS
 SOLVER STEADY-STATE
 TIME_INTEGRATION EXPLICIT_EULER
 START_TIME 0
 END_TIME 10
 NUMBER_OF_TIME_STEPS 0.01
 
STRUCTURE_INTEGRATION
 DOMAIN user
 domainNoGP 1
 boundaryNoGP 1

STRUCTURE_NODES
       1    5.00000    0.00000    0.00000 
       2    4.99904    0.09817    0.00000 
       3    4.90000    0.00000    0.00000 
       4    4.91103    0.14468    0.00000 
       5    4.84123    0.08012    0.00000 
       6    4.99615    0.19630    0.00000 
       7    4.80000    0.00000    0.00000 
       8    4.83868    0.17517    0.00000 
       9    4.76643    0.10582    0.00000 
      10    4.90724    0.24108    0.00000 
      11    4.99133    0.29435    0.00000 
      12    4.70000    0.00000    0.00000 
      13    4.83424    0.27016    0.00000 
      14    4.74995    0.21861    0.00000 
      15    4.90156    0.33738    0.00000 
      16    4.67369    0.14877    0.00000 
      17    4.98459    0.39230    0.00000 
      18    4.60000    0.00000    0.00000 
      19    4.74463    0.31180    0.00000 
      20    4.82784    0.36508    0.00000 
      21    4.58649    0.10412    0.00000 
      22    4.64882    0.25401    0.00000 
      23    4.89399    0.43355    0.00000 
      24    4.55915    0.19416    0.00000 
      25    4.73738    0.40485    0.00000 
      26    4.97592    0.49009    0.00000 
      27    4.81944    0.45991    0.00000 
      28    4.50000    0.00000    0.00000 
      29    4.63112    0.35288    0.00000 
      30    4.88453    0.52955    0.00000 
      31    4.53437    0.29786    0.00000 
      32    4.45595    0.11642    0.00000 
      33    4.71195    0.50221    0.00000 
      34    4.80890    0.55466    0.00000 
      35    4.96534    0.58769    0.00000 
      36    4.60857    0.44868    0.00000 
      37    4.40000    0.00000    0.00000 
      38    4.44356    0.23753    0.00000 
      39    4.51577    0.39396    0.00000 
      40    4.87320    0.62535    0.00000 
      41    4.34285    0.08482    0.00000 
      42    4.69879    0.59836    0.00000 
      43    4.41886    0.33807    0.00000 
      44    4.59860    0.54681    0.00000 
      45    4.79606    0.64935    0.00000 
      46    4.34028    0.18472    0.00000 
      47    4.95285    0.68506    0.00000 
      48    4.30000    0.00000    0.00000 
      49    4.49126    0.49187    0.00000 
      50    4.33612    0.28420    0.00000 
      51    4.41043    0.43439    0.00000 
      52    4.85998    0.72091    0.00000 
      53    4.70287    0.68280    0.00000 
      54    4.25343    0.10948    0.00000 
      55    4.32889    0.37873    0.00000 
      56    4.58545    0.65448    0.00000 
      57    4.78065    0.74406    0.00000 
      58    4.25274    0.23218    0.00000 
      59    4.93844    0.78217    0.00000 
      60    4.47946    0.58973    0.00000 
      61    4.20000    0.00000    0.00000 
      62    4.39991    0.53050    0.00000 
      63    4.24667    0.32490    0.00000 
      64    4.61937    0.72997    0.00000 
      65    4.31960    0.47307    0.00000 
      66    4.84489    0.81619    0.00000 
      67    4.16942    0.08266    0.00000 
      68    4.68648    0.77513    0.00000 
      69    4.16875    0.18201    0.00000 
      70    4.23857    0.41746    0.00000 
      71    4.46553    0.68731    0.00000 
      72    4.76241    0.83891    0.00000 
      73    4.38729    0.62636    0.00000 
      74    4.54294    0.75004    0.00000 
      75    4.16379    0.27291    0.00000 
      76    4.92213    0.87898    0.00000 
      77    4.60632    0.79113    0.00000 
      78    4.30825    0.56719    0.00000 
      79    4.10000    0.00000    0.00000 
      80    4.15685    0.36368    0.00000 
      81    4.22845    0.50983    0.00000 
      82    4.08418    0.13370    0.00000 
      83    4.82793    0.91116    0.00000 
      84    4.66727    0.86767    0.00000 
      85    4.08029    0.22277    0.00000 
      86    4.37258    0.72192    0.00000 
      87    4.44947    0.78456    0.00000 
      88    4.14792    0.45427    0.00000 
      89    4.54978    0.85478    0.00000 
      90    4.29485    0.66104    0.00000 
      91    4.74119    0.93411    0.00000 
      92    4.07446    0.31172    0.00000 
      93    4.90393    0.97545    0.00000 
      94    4.21633    0.60195    0.00000 
      95    4.00000    0.00000    0.00000 
      96    3.99905    0.08726    0.00000 
      97    4.06669    0.40053    0.00000 
      98    4.63385    0.94870    0.00000 
      99    3.99619    0.17448    0.00000 
     100    4.13703    0.54465    0.00000 
     101    4.80911    1.00577    0.00000 
     102    4.35579    0.81713    0.00000 
     103    3.99144    0.26161    0.00000 
     104    4.27941    0.75458    0.00000 
     105    4.43130    0.88144    0.00000 
     106    4.20219    0.69378    0.00000 
     107    4.05698    0.48915    0.00000 
     108    4.71739    1.02993    0.00000 
     109    4.51923    0.95843    0.00000 
     110    3.98478    0.34862    0.00000 
     111    4.88383    1.07155    0.00000 
     112    4.12416    0.63477    0.00000 
     113    3.97623    0.43547    0.00000 
     114    4.60527    1.04222    0.00000 
     115    4.04535    0.57754    0.00000 
     116    4.78844    1.10000    0.00000 
     117    4.26193    0.84775    0.00000 
     118    4.33693    0.91196    0.00000 
     119    4.18606    0.78529    0.00000 
     120    4.41101    0.97790    0.00000 
     121    4.10933    0.72459    0.00000 
     122    3.96578    0.52210    0.00000 
     123    4.69297    1.12668    0.00000 
     124    4.49308    1.05470    0.00000 
     125    4.03178    0.66565    0.00000 
     126    4.86185    1.16723    0.00000 
     127    4.24242    0.94052    0.00000 
     128    4.16793    0.87642    0.00000 
     129    4.57407    1.13260    0.00000 
     130    3.95345    0.60849    0.00000 
     131    4.76592    1.19380    0.00000 
     132    4.31600    1.00635    0.00000 
     133    4.09255    0.81406    0.00000 
     134    4.38863    1.07389    0.00000 
     135    4.01630    0.75344    0.00000 
     136    4.46029    1.14313    0.00000 
     137    3.93923    0.69459    0.00000 
     138    4.83800    1.26246    0.00000 
     139    4.64663    1.22581    0.00000 
     140    4.14782    0.96714    0.00000 
     141    4.07381    0.90314    0.00000 
     142    4.22090    1.03285    0.00000 
     143    4.53094    1.21406    0.00000 
     144    3.99891    0.84088    0.00000 
     145    4.29302    1.10026    0.00000 
     146    4.74156    1.28714    0.00000 
     147    3.92314    0.78036    0.00000 
     148    4.36416    1.16937    0.00000 
     149    4.44564    1.23911    0.00000 
     150    4.66655    1.32075    0.00000 
     151    4.81228    1.35720    0.00000 
     152    4.05314    0.99180    0.00000 
     153    4.12573    1.05739    0.00000 
     154    3.97962    0.92792    0.00000 
     155    4.55445    1.30565    0.00000 
     156    4.19736    1.12468    0.00000 
     157    3.90518    0.86576    0.00000 
     158    4.26800    1.19365    0.00000 
     159    4.71537    1.37999    0.00000 
     160    4.33761    1.26430    0.00000 
     161    4.63743    1.39125    0.00000 
     162    4.03054    1.07998    0.00000 
     163    3.95843    1.01451    0.00000 
     164    4.42639    1.33814    0.00000 
     165    4.10168    1.14714    0.00000 
     166    3.88537    0.95074    0.00000 
     167    4.78470    1.45142    0.00000 
     168    4.17183    1.21598    0.00000 
     169    4.51474    1.41122    0.00000 
     170    4.24094    1.28648    0.00000 
     171    4.68737    1.47230    0.00000 
     172    4.30900    1.35862    0.00000 
     173    3.93535    1.10062    0.00000 
     174    4.60890    1.48207    0.00000 
     175    4.00602    1.16765    0.00000 
     176    3.86370    1.03528    0.00000 
     177    4.07568    1.23635    0.00000 
     178    4.39512    1.43315    0.00000 
     179    4.14431    1.30670    0.00000 
     180    4.75528    1.54508    0.00000 
     181    4.49239    1.50360    0.00000 
     182    4.21187    1.37868    0.00000 
     183    4.65756    1.56405    0.00000 
     184    3.91041    1.18621    0.00000 
     185    3.84020    1.11932    0.00000 
     186    3.97960    1.25476    0.00000 
     187    4.27833    1.45230    0.00000 
     188    4.57830    1.57236    0.00000 
     189    4.04774    1.32496    0.00000 
     190    4.11482    1.39679    0.00000 
     191    4.37008    1.53658    0.00000 
     192    4.72403    1.63815    0.00000 
     193    4.48056    1.58747    0.00000 
     194    4.18079    1.47024    0.00000 
     195    3.81487    1.20282    0.00000 
     196    3.88360    1.27123    0.00000 
     197    4.62595    1.65519    0.00000 
     198    3.95128    1.34128    0.00000 
     199    4.24563    1.54528    0.00000 
     200    4.01788    1.41295    0.00000 
     201    4.54546    1.66210    0.00000 
     202    4.38913    1.61730    0.00000 
     203    4.08337    1.48622    0.00000 
     204    4.69096    1.73059    0.00000 
     205    4.30933    1.62192    0.00000 
     206    4.44728    1.67480    0.00000 
     207    3.78772    1.28576    0.00000 
     208    3.85494    1.35565    0.00000 
     209    4.14772    1.56109    0.00000 
     210    3.92108    1.42716    0.00000 
     211    4.36480    1.67481    0.00000 
     212    4.59256    1.74570    0.00000 
     213    3.98610    1.50026    0.00000 
     214    4.21091    1.63754    0.00000 
     215    4.51012    1.75131    0.00000 
     216    4.04997    1.57495    0.00000 
     217    3.75877    1.36808    0.00000 
     218    4.65607    1.82235    0.00000 
     219    4.41148    1.76147    0.00000 
     220    3.82445    1.43942    0.00000 
     221    4.29687    1.72583    0.00000 
     222    4.11268    1.65120    0.00000 
     223    3.88901    1.51235    0.00000 
     224    4.55740    1.83553    0.00000 
     225    3.95242    1.58686    0.00000 
     226    4.47197    1.84005    0.00000 
     227    4.17419    1.72901    0.00000 
     228    3.72803    1.44975    0.00000 
     229    4.01465    1.66292    0.00000 
     230    4.36283    1.83308    0.00000 
     231    3.79214    1.52251    0.00000 
     232    4.61940    1.91342    0.00000 
     233    3.85509    1.59683    0.00000 
     234    4.07568    1.74053    0.00000 
     235    4.24912    1.82370    0.00000 
     236    4.52049    1.92466    0.00000 
     237    3.91686    1.67270    0.00000 
     238    4.43084    1.92848    0.00000 
     239    3.69552    1.53073    0.00000 
     240    4.13548    1.81965    0.00000 
     241    3.97742    1.75011    0.00000 
     242    3.75803    1.60487    0.00000 
     243    4.31854    1.92110    0.00000 
     244    4.58094    2.00374    0.00000 
     245    3.81934    1.68055    0.00000 
     246    4.03674    1.82902    0.00000 
     247    4.20374    1.91225    0.00000 
     248    4.48183    2.01304    0.00000 
     249    3.87944    1.75775    0.00000 
     250    3.66125    1.61099    0.00000 
     251    4.38706    2.01698    0.00000 
     252    4.09480    1.90944    0.00000 
     253    3.72212    1.68647    0.00000 
     254    3.93829    1.83646    0.00000 
     255    4.27292    2.00830    0.00000 
     256    4.54072    2.09330    0.00000 
     257    3.78177    1.76347    0.00000 
     258    3.99588    1.91665    0.00000 
     259    4.16264    2.00386    0.00000 
     260    4.44144    2.10065    0.00000 
     261    3.84017    1.84196    0.00000 
     262    3.62523    1.69047    0.00000 
     263    3.68445    1.76727    0.00000 
     264    4.34247    2.10625    0.00000 
     265    4.05217    1.99831    0.00000 
     266    3.89730    1.92193    0.00000 
     267    3.74240    1.84555    0.00000 
     268    4.23003    2.09857    0.00000 
     269    4.49874    2.18205    0.00000 
     270    3.95312    2.00336    0.00000 
     271    3.58749    1.76915    0.00000 
     272    4.39934    2.18744    0.00000 
     273    3.79908    1.92530    0.00000 
     274    4.12215    2.09627    0.00000 
     275    3.64502    1.84722    0.00000 
     276    4.29997    2.19653    0.00000 
     277    4.00761    2.08623    0.00000 
     278    3.85444    2.00650    0.00000 
     279    3.70125    1.92675    0.00000 
     280    4.45503    2.26995    0.00000 
     281    4.19112    2.19272    0.00000 
     282    3.54804    1.84699    0.00000 
     283    3.90847    2.08912    0.00000 
     284    3.75617    2.00772    0.00000 
     285    4.35555    2.27340    0.00000 
     286    4.07717    2.18394    0.00000 
     287    3.60385    1.92630    0.00000 
     288    4.25758    2.28570    0.00000 
     289    3.80975    2.09010    0.00000 
     290    3.96115    2.17316    0.00000 
     291    3.65834    2.00703    0.00000 
     292    4.40961    2.35698    0.00000 
     293    4.14601    2.28003    0.00000 
     294    3.50691    1.92396    0.00000 
     295    3.86197    2.17389    0.00000 
     296    3.71148    2.08918    0.00000 
     297    4.31007    2.35847    0.00000 
     298    3.56097    2.00446    0.00000 
     299    4.02827    2.26873    0.00000 
     300    4.21359    2.37275    0.00000 
     301    3.76325    2.17271    0.00000 
     302    3.61368    2.08636    0.00000 
     303    3.91280    2.25906    0.00000 
     304    3.46410    2.00000    0.00000 
     305    4.36248    2.44311    0.00000 
     306    4.09889    2.36511    0.00000 
     307    3.66502    2.16965    0.00000 
     308    3.81363    2.25762    0.00000 
     309    4.26293    2.44264    0.00000 
     310    3.51640    2.08166    0.00000 
     311    3.98107    2.35468    0.00000 
     312    4.16752    2.45765    0.00000 
     313    3.71496    2.25429    0.00000 
     314    3.56731    2.16470    0.00000 
     315    3.86259    2.34387    0.00000 
     316    3.41965    2.07509    0.00000 
     317    4.31367    2.52829    0.00000 
     318    4.04458    2.44671    0.00000 
     319    3.61682    2.24908    0.00000 
     320    3.47015    2.15788    0.00000 
     321    4.21415    2.52587    0.00000 
     322    3.76347    2.34028    0.00000 
     323    3.92372    2.43580    0.00000 
     324    3.51924    2.24200    0.00000 
     325    4.11934    2.54063    0.00000 
     326    3.66490    2.33480    0.00000 
     327    3.37357    2.14920    0.00000 
     328    3.81054    2.42758    0.00000 
     329    4.26320    2.61249    0.00000 
     330    3.99386    2.53102    0.00000 
     331    3.56689    2.32745    0.00000 
     332    3.42225    2.23307    0.00000 
     333    4.16375    2.60812    0.00000 
     334    3.71152    2.42182    0.00000 
     335    3.86856    2.52002    0.00000 
     336    3.46949    2.31824    0.00000 
     337    4.06920    2.62198    0.00000 
     338    3.32588    2.22228    0.00000 
     339    3.61309    2.41419    0.00000 
     340    3.75667    2.51013    0.00000 
     341    4.21109    2.69569    0.00000 
     342    3.37272    2.30719    0.00000 
     343    3.51527    2.40471    0.00000 
     344    3.93984    2.62021    0.00000 
     345    4.11174    2.68937    0.00000 
     346    3.65781    2.50221    0.00000 
     347    3.81538    2.60728    0.00000 
     348    3.41810    2.39338    0.00000 
     349    3.27661    2.29431    0.00000 
     350    4.01724    2.70190    0.00000 
     351    3.55957    2.49243    0.00000 
     352    3.70102    2.59148    0.00000 
     353    4.15735    2.77785    0.00000 
     354    3.32159    2.38022    0.00000 
     355    3.46198    2.48082    0.00000 
     356    4.05815    2.76958    0.00000 
     357    3.60235    2.58141    0.00000 
     358    3.88349    2.71988    0.00000 
     359    3.22578    2.36524    0.00000 
     360    3.36507    2.46737    0.00000 
     361    3.75492    2.69250    0.00000 
     362    3.96358    2.78054    0.00000 
     363    3.50435    2.56949    0.00000 
     364    3.64361    2.67160    0.00000 
     365    4.10201    2.85894    0.00000 
     366    3.26887    2.45211    0.00000 
     367    3.40704    2.55575    0.00000 
     368    4.00299    2.84872    0.00000 
     369    3.54518    2.65938    0.00000 
     370    3.90927    2.83410    0.00000 
     371    3.17341    2.43505    0.00000 
     372    3.80270    2.80178    0.00000 
     373    3.31044    2.54019    0.00000 
     374    3.44746    2.64533    0.00000 
     375    3.69286    2.77630    0.00000 
     376    4.04508    2.93893    0.00000 
     377    3.21460    2.52284    0.00000 
     378    3.58446    2.75045    0.00000 
     379    3.35047    2.62947    0.00000 
     380    3.94628    2.92676    0.00000 
     381    3.48632    2.73608    0.00000 
     382    3.11954    2.50369    0.00000 
     383    3.84812    2.91295    0.00000 
     384    3.25424    2.61181    0.00000 
     385    3.74932    2.89876    0.00000 
     386    3.62216    2.84269    0.00000 
     387    3.38893    2.71991    0.00000 
     388    3.15880    2.59236    0.00000 
     389    3.98660    3.01778    0.00000 
     390    3.52360    2.82799    0.00000 
     391    3.29231    2.70193    0.00000 
     392    3.88806    3.00368    0.00000 
     393    3.06418    2.57115    0.00000 
     394    3.42581    2.81149    0.00000 
     395    3.65826    2.93606    0.00000 
     396    3.78883    2.99321    0.00000 
     397    3.19649    2.68218    0.00000 
     398    3.32879    2.79319    0.00000 
     399    3.57160    2.92624    0.00000 
     400    3.10150    2.66065    0.00000 
     401    3.92658    3.09547    0.00000 
     402    3.46107    2.90419    0.00000 
     403    3.23259    2.77311    0.00000 
     404    3.82834    3.07944    0.00000 
     405    3.00736    2.63738    0.00000 
     406    3.36366    2.88555    0.00000 
     407    3.13722    2.75127    0.00000 
     408    3.65534    3.04125    0.00000 
     409    3.74623    3.08022    0.00000 
     410    3.26707    2.86514    0.00000 
     411    3.50918    3.00526    0.00000 
     412    3.04272    2.72768    0.00000 
     413    3.86505    3.17197    0.00000 
     414    3.17132    2.84297    0.00000 
     415    3.39690    2.97900    0.00000 
     416    3.76714    3.15401    0.00000 
     417    2.94911    2.70236    0.00000 
     418    3.69152    3.13318    0.00000 
     419    3.29991    2.95824    0.00000 
     420    3.07645    2.81905    0.00000 
     421    3.55399    3.11257    0.00000 
     422    3.20379    2.93573    0.00000 
     423    2.98249    2.79341    0.00000 
     424    3.42848    3.07350    0.00000 
     425    3.80203    3.24724    0.00000 
     426    3.10855    2.91147    0.00000 
     427    3.70449    3.22736    0.00000 
     428    3.33110    3.05239    0.00000 
     429    2.88946    2.76605    0.00000 
     430    3.62929    3.20506    0.00000 
     431    3.01423    2.88549    0.00000 
     432    3.23459    3.02952    0.00000 
     433    3.44549    3.15463    0.00000 
     434    3.53288    3.19983    0.00000 
     435    2.92084    2.85781    0.00000 
     436    3.13898    3.00492    0.00000 
     437    3.36062    3.14756    0.00000 
     438    3.73754    3.32126    0.00000 
     439    3.04430    2.97859    0.00000 
     440    2.82843    2.82843    0.00000 
     441    3.64041    3.29947    0.00000 
     442    3.26372    3.12433    0.00000 
     443    3.56566    3.27570    0.00000 
     444    2.95056    2.95056    0.00000 
     445    3.46996    3.25117    0.00000 
     446    3.16773    3.09937    0.00000 
     447    3.37510    3.22509    0.00000 
     448    2.85781    2.92084    0.00000 
     449    3.07268    3.07268    0.00000 
     450    3.67161    3.39400    0.00000 
     451    3.29115    3.22012    0.00000 
     452    2.76605    2.88946    0.00000 
     453    2.97859    3.04430    0.00000 
     454    3.57493    3.37031    0.00000 
     455    3.50066    3.34507    0.00000 
     456    3.19479    3.19479    0.00000 
     457    3.40546    3.31867    0.00000 
     458    2.88549    3.01423    0.00000 
     459    3.32630    3.28799    0.00000 
     460    3.09937    3.16773    0.00000 
     461    2.79341    2.98249    0.00000 
     462    3.00492    3.13898    0.00000 
     463    3.60427    3.46544    0.00000 
     464    2.70236    2.94911    0.00000 
     465    2.91147    3.10855    0.00000 
     466    3.24233    3.30885    0.00000 
     467    3.50807    3.43985    0.00000 
     468    3.43431    3.41316    0.00000 
     469    3.12433    3.26372    0.00000 
     470    3.33965    3.38490    0.00000 
     471    2.81905    3.07645    0.00000 
     472    3.02952    3.23459    0.00000 
     473    2.72768    3.04272    0.00000 
     474    2.93573    3.20379    0.00000 
     475    2.63738    3.00736    0.00000 
     476    3.53553    3.53553    0.00000 
     477    2.84297    3.17132    0.00000 
     478    3.43985    3.50807    0.00000 
     479    3.36663    3.47993    0.00000 
     480    3.16401    3.38599    0.00000 
     481    3.27255    3.44981    0.00000 
     482    3.05239    3.33110    0.00000 
     483    2.75127    3.13722    0.00000 
     484    2.95824    3.29991    0.00000 
     485    2.66065    3.10150    0.00000 
     486    2.86514    3.26707    0.00000 
     487    2.57115    3.06418    0.00000 
     488    3.46544    3.60427    0.00000 
     489    2.77311    3.23259    0.00000 
     490    3.37031    3.57493    0.00000 
     491    3.29766    3.54536    0.00000 
     492    3.19490    3.49989    0.00000 
     493    3.08680    3.44711    0.00000 
     494    2.68218    3.19649    0.00000 
     495    2.97900    3.39690    0.00000 
     496    2.59236    3.15880    0.00000 
     497    2.88555    3.36366    0.00000 
     498    2.79319    3.32879    0.00000 
     499    2.50369    3.11954    0.00000 
     500    3.39400    3.67161    0.00000 
     501    2.70193    3.29231    0.00000 
     502    3.29947    3.64041    0.00000 
     503    3.22742    3.60942    0.00000 
     504    3.11950    3.55969    0.00000 
     505    3.01100    3.50910    0.00000 
     506    2.61181    3.25424    0.00000 
     507    2.90419    3.46107    0.00000 
     508    2.52284    3.21460    0.00000 
     509    2.81149    3.42581    0.00000 
     510    2.43505    3.17341    0.00000 
     511    2.71991    3.38893    0.00000 
     512    3.32126    3.73754    0.00000 
     513    2.62947    3.35047    0.00000 
     514    3.22736    3.70449    0.00000 
     515    3.15593    3.67209    0.00000 
     516    3.04319    3.61947    0.00000 
     517    2.54019    3.31044    0.00000 
     518    2.93183    3.56839    0.00000 
     519    2.82799    3.52360    0.00000 
     520    2.45211    3.26887    0.00000 
     521    2.73608    3.48632    0.00000 
     522    2.36524    3.22578    0.00000 
     523    2.64533    3.44746    0.00000 
     524    3.24724    3.80203    0.00000 
     525    2.55575    3.40704    0.00000 
     526    3.15401    3.76714    0.00000 
     527    3.08322    3.73334    0.00000 
     528    2.96642    3.68175    0.00000 
     529    2.46737    3.36507    0.00000 
     530    2.85123    3.62975    0.00000 
     531    2.38022    3.32159    0.00000 
     532    2.75045    3.58446    0.00000 
     533    2.65938    3.54518    0.00000 
     534    2.29431    3.27661    0.00000 
     535    2.56949    3.50435    0.00000 
     536    3.17197    3.86505    0.00000 
     537    2.48082    3.46198    0.00000 
     538    3.07944    3.82834    0.00000 
     539    3.00932    3.79315    0.00000 
     540    2.39338    3.41810    0.00000 
     541    2.87848    3.74609    0.00000 
     542    2.76299    3.68331    0.00000 
     543    2.30719    3.37272    0.00000 
     544    2.67160    3.64361    0.00000 
     545    2.22228    3.32588    0.00000 
     546    2.58141    3.60235    0.00000 
     547    2.49243    3.55957    0.00000 
     548    3.09547    3.92658    0.00000 
     549    2.40471    3.51527    0.00000 
     550    2.93425    3.85150    0.00000 
     551    3.00368    3.88806    0.00000 
     552    2.76395    3.76609    0.00000 
     553    2.31824    3.46949    0.00000 
     554    2.84074    3.82752    0.00000 
     555    2.23307    3.42225    0.00000 
     556    2.68199    3.74271    0.00000 
     557    2.59148    3.70102    0.00000 
     558    2.14920    3.37357    0.00000 
     559    2.50221    3.65781    0.00000 
     560    2.41419    3.61309    0.00000 
     561    3.01778    3.98660    0.00000 
     562    2.85804    3.90835    0.00000 
     563    2.32745    3.56689    0.00000 
     564    2.92676    3.94628    0.00000 
     565    2.76898    3.86556    0.00000 
     566    2.68109    3.82136    0.00000 
     567    2.24200    3.51924    0.00000 
     568    2.15788    3.47015    0.00000 
     569    2.59970    3.80032    0.00000 
     570    2.07509    3.41965    0.00000 
     571    2.51013    3.75667    0.00000 
     572    2.42182    3.71152    0.00000 
     573    2.33480    3.66490    0.00000 
     574    2.93893    4.04508    0.00000 
     575    2.78068    3.96366    0.00000 
     576    2.24908    3.61682    0.00000 
     577    2.84872    4.00299    0.00000 
     578    2.62089    3.87357    0.00000 
     579    2.69251    3.91908    0.00000 
     580    2.16470    3.56731    0.00000 
     581    2.08166    3.51640    0.00000 
     582    2.00000    3.46410    0.00000 
     583    2.53442    3.87763    0.00000 
     584    2.42758    3.81054    0.00000 
     585    2.34028    3.76347    0.00000 
     586    2.25429    3.71496    0.00000 
     587    2.85894    4.10201    0.00000 
     588    2.70218    4.01741    0.00000 
     589    2.16965    3.66502    0.00000 
     590    2.76958    4.05815    0.00000 
     591    2.61495    3.97098    0.00000 
     592    2.08636    3.61368    0.00000 
     593    2.00446    3.56097    0.00000 
     594    1.92396    3.50691    0.00000 
     595    2.34387    3.86259    0.00000 
     596    2.44238    3.93767    0.00000 
     597    2.25762    3.81363    0.00000 
     598    2.17271    3.76325    0.00000 
     599    2.62251    4.06951    0.00000 
     600    2.77785    4.15735    0.00000 
     601    2.53627    4.02119    0.00000 
     602    2.68937    4.11174    0.00000 
     603    2.08918    3.71148    0.00000 
     604    2.00703    3.65834    0.00000 
     605    1.92630    3.60385    0.00000 
     606    1.84699    3.54804    0.00000 
     607    2.25906    3.91280    0.00000 
     608    2.35566    3.98455    0.00000 
     609    2.17389    3.86197    0.00000 
     610    2.45174    4.05795    0.00000 
     611    2.09010    3.80975    0.00000 
     612    2.54158    4.11990    0.00000 
     613    2.69569    4.21109    0.00000 
     614    2.60812    4.16375    0.00000 
     615    2.00772    3.75617    0.00000 
     616    1.92675    3.70125    0.00000 
     617    1.84722    3.64502    0.00000 
     618    1.76915    3.58749    0.00000 
     619    2.17316    3.96115    0.00000 
     620    2.27106    4.03258    0.00000 
     621    2.08912    3.90847    0.00000 
     622    2.36762    4.10312    0.00000 
     623    2.00650    3.85444    0.00000 
     624    2.45927    4.16843    0.00000 
     625    2.61249    4.26320    0.00000 
     626    2.52587    4.21415    0.00000 
     627    1.92530    3.79908    0.00000 
     628    1.84555    3.74240    0.00000 
     629    1.76727    3.68445    0.00000 
     630    1.69047    3.62523    0.00000 
     631    2.08623    4.00761    0.00000 
     632    2.18543    4.07853    0.00000 
     633    2.28285    4.14850    0.00000 
     634    2.00336    3.95312    0.00000 
     635    2.37535    4.21497    0.00000 
     636    1.92193    3.89730    0.00000 
     637    2.44264    4.26293    0.00000 
     638    2.52829    4.31367    0.00000 
     639    1.84196    3.84017    0.00000 
     640    1.76347    3.78177    0.00000 
     641    1.68647    3.72212    0.00000 
     642    1.61099    3.66125    0.00000 
     643    2.09840    4.12256    0.00000 
     644    1.99831    4.05217    0.00000 
     645    2.19649    4.19227    0.00000 
     646    1.91665    3.99588    0.00000 
     647    2.28957    4.25936    0.00000 
     648    1.83646    3.93829    0.00000 
     649    2.35847    4.31007    0.00000 
     650    1.75775    3.87944    0.00000 
     651    2.44311    4.36248    0.00000 
     652    1.68055    3.81934    0.00000 
     653    1.60487    3.75803    0.00000 
     654    1.53073    3.69552    0.00000 
     655    2.01099    4.16558    0.00000 
     656    2.10639    4.23332    0.00000 
     657    1.90944    4.09480    0.00000 
     658    2.20167    4.30163    0.00000 
     659    1.82902    4.03674    0.00000 
     660    1.75011    3.97742    0.00000 
     661    2.27340    4.35555    0.00000 
     662    1.67270    3.91686    0.00000 
     663    2.35698    4.40961    0.00000 
     664    1.59683    3.85509    0.00000 
     665    1.52251    3.79214    0.00000 
     666    1.44975    3.72803    0.00000 
     667    2.01911    4.27561    0.00000 
     668    1.91963    4.20535    0.00000 
     669    2.11168    4.34227    0.00000 
     670    1.81965    4.13548    0.00000 
     671    1.74053    4.07568    0.00000 
     672    1.66292    4.01465    0.00000 
     673    2.18744    4.39934    0.00000 
     674    1.58686    3.95242    0.00000 
     675    1.51235    3.88901    0.00000 
     676    2.26995    4.45503    0.00000 
     677    1.43942    3.82445    0.00000 
     678    1.36808    3.75877    0.00000 
     679    1.92168    4.31264    0.00000 
     680    2.02058    4.38299    0.00000 
     681    1.82291    4.24203    0.00000 
     682    1.72901    4.17419    0.00000 
     683    1.65120    4.11268    0.00000 
     684    2.10065    4.44144    0.00000 
     685    1.57495    4.04997    0.00000 
     686    1.50026    3.98610    0.00000 
     687    1.42716    3.92108    0.00000 
     688    1.35565    3.85494    0.00000 
     689    1.28576    3.78772    0.00000 
     690    2.18205    4.49874    0.00000 
     691    1.20282    3.81487    0.00000 
     692    1.83198    4.35160    0.00000 
     693    1.27123    3.88360    0.00000 
     694    1.34128    3.95128    0.00000 
     695    2.01304    4.48183    0.00000 
     696    1.93046    4.42581    0.00000 
     697    1.41295    4.01788    0.00000 
     698    1.48622    4.08337    0.00000 
     699    1.56109    4.14772    0.00000 
     700    1.63754    4.21091    0.00000 
     701    1.71554    4.27292    0.00000 
     702    2.09330    4.54072    0.00000 
     703    1.11932    3.84020    0.00000 
     704    1.84695    4.45894    0.00000 
     705    1.18621    3.91041    0.00000 
     706    1.25476    3.97960    0.00000 
     707    1.32496    4.04774    0.00000 
     708    1.92466    4.52049    0.00000 
     709    1.73608    4.38728    0.00000 
     710    1.39679    4.11482    0.00000 
     711    1.47024    4.18079    0.00000 
     712    1.54528    4.24563    0.00000 
     713    2.00374    4.58094    0.00000 
     714    1.62192    4.30933    0.00000 
     715    1.03528    3.86370    0.00000 
     716    1.10062    3.93535    0.00000 
     717    1.16765    4.00602    0.00000 
     718    1.75522    4.49819    0.00000 
     719    1.23635    4.07568    0.00000 
     720    1.83553    4.55740    0.00000 
     721    1.30670    4.14431    0.00000 
     722    1.37868    4.21187    0.00000 
     723    1.91342    4.61940    0.00000 
     724    1.63716    4.42366    0.00000 
     725    1.45230    4.27833    0.00000 
     726    1.52752    4.34368    0.00000 
     727    0.95074    3.88537    0.00000 
     728    1.01451    3.95843    0.00000 
     729    1.07998    4.03054    0.00000 
     730    1.14714    4.10168    0.00000 
     731    1.74570    4.59256    0.00000 
     732    1.21598    4.17183    0.00000 
     733    1.28648    4.24094    0.00000 
     734    1.82235    4.65607    0.00000 
     735    1.35862    4.30900    0.00000 
     736    1.64555    4.53605    0.00000 
     737    1.43778    4.38619    0.00000 
     738    1.53666    4.46739    0.00000 
     739    0.86576    3.90518    0.00000 
     740    0.92792    3.97962    0.00000 
     741    0.99180    4.05314    0.00000 
     742    1.05739    4.12573    0.00000 
     743    1.65519    4.62595    0.00000 
     744    1.12468    4.19736    0.00000 
     745    1.73059    4.69096    0.00000 
     746    1.19365    4.26800    0.00000 
     747    1.26430    4.33761    0.00000 
     748    1.33660    4.40618    0.00000 
     749    1.53564    4.59950    0.00000 
     750    1.41608    4.50887    0.00000 
     751    0.78036    3.92314    0.00000 
     752    0.84088    3.99891    0.00000 
     753    0.90314    4.07381    0.00000 
     754    0.96714    4.14782    0.00000 
     755    1.03285    4.22090    0.00000 
     756    1.63815    4.72403    0.00000 
     757    1.10026    4.29302    0.00000 
     758    1.56424    4.67858    0.00000 
     759    1.16937    4.36416    0.00000 
     760    1.24016    4.43429    0.00000 
     761    1.29717    4.49441    0.00000 
     762    0.69459    3.93923    0.00000 
     763    0.75344    4.01630    0.00000 
     764    1.41983    4.62905    0.00000 
     765    0.81406    4.09255    0.00000 
     766    1.34890    4.57934    0.00000 
     767    0.87642    4.16793    0.00000 
     768    1.47230    4.68737    0.00000 
     769    0.94052    4.24242    0.00000 
     770    1.54508    4.75528    0.00000 
     771    1.00635    4.31600    0.00000 
     772    1.07389    4.38863    0.00000 
     773    1.14313    4.46029    0.00000 
     774    1.20120    4.51442    0.00000 
     775    0.60849    3.95345    0.00000 
     776    1.25990    4.58508    0.00000 
     777    0.66565    4.03178    0.00000 
     778    1.32866    4.65602    0.00000 
     779    0.72459    4.10933    0.00000 
     780    0.78529    4.18606    0.00000 
     781    1.37999    4.71537    0.00000 
     782    0.84775    4.26193    0.00000 
     783    1.45142    4.78470    0.00000 
     784    0.91196    4.33693    0.00000 
     785    0.97790    4.41101    0.00000 
     786    1.04556    4.48416    0.00000 
     787    1.10390    4.53569    0.00000 
     788    0.52210    3.96578    0.00000 
     789    1.16964    4.60888    0.00000 
     790    0.57754    4.04535    0.00000 
     791    0.63477    4.12416    0.00000 
     792    1.23697    4.68118    0.00000 
     793    0.69378    4.20219    0.00000 
     794    1.28714    4.74156    0.00000 
     795    0.75458    4.27941    0.00000 
     796    1.35720    4.81228    0.00000 
     797    0.81713    4.35579    0.00000 
     798    0.88144    4.43130    0.00000 
     799    0.43547    3.97623    0.00000 
     800    0.94749    4.50590    0.00000 
     801    1.00765    4.56127    0.00000 
     802    0.48915    4.05698    0.00000 
     803    1.07892    4.63084    0.00000 
     804    0.54465    4.13703    0.00000 
     805    1.14477    4.70450    0.00000 
     806    0.60195    4.21633    0.00000 
     807    1.19380    4.76592    0.00000 
     808    0.66104    4.29485    0.00000 
     809    1.26246    4.83800    0.00000 
     810    0.72192    4.37258    0.00000 
     811    0.34862    3.98478    0.00000 
     812    0.78456    4.44947    0.00000 
     813    0.40053    4.06669    0.00000 
     814    0.84897    4.52550    0.00000 
     815    0.98777    4.65091    0.00000 
     816    0.91892    4.59731    0.00000 
     817    0.45427    4.14792    0.00000 
     818    1.05209    4.72594    0.00000 
     819    0.50983    4.22845    0.00000 
     820    1.10000    4.78844    0.00000 
     821    0.56719    4.30825    0.00000 
     822    1.16723    4.86185    0.00000 
     823    0.62636    4.38729    0.00000 
     824    0.26161    3.99144    0.00000 
     825    0.68731    4.46553    0.00000 
     826    0.31172    4.07446    0.00000 
     827    0.89621    4.66899    0.00000 
     828    0.82501    4.60699    0.00000 
     829    0.75004    4.54294    0.00000 
     830    0.36368    4.15685    0.00000 
     831    0.95890    4.74542    0.00000 
     832    0.41746    4.23857    0.00000 
     833    1.00577    4.80911    0.00000 
     834    0.47307    4.31960    0.00000 
     835    0.17448    3.99619    0.00000 
     836    1.07155    4.88383    0.00000 
     837    0.53050    4.39991    0.00000 
     838    0.22277    4.08029    0.00000 
     839    0.58973    4.47946    0.00000 
     840    0.80424    4.68494    0.00000 
     841    0.73094    4.62367    0.00000 
     842    0.65688    4.56053    0.00000 
     843    0.27291    4.16379    0.00000 
     844    0.86518    4.76284    0.00000 
     845    0.32490    4.24667    0.00000 
     846    0.91116    4.82793    0.00000 
     847    0.37873    4.32889    0.00000 
     848    0.08726    3.99905    0.00000 
     849    0.97545    4.90393    0.00000 
     850    0.43439    4.41043    0.00000 
     851    0.13370    4.08418    0.00000 
     852    0.71178    4.69858    0.00000 
     853    0.49187    4.49126    0.00000 
     854    0.18201    4.16875    0.00000 
     855    0.77083    4.77804    0.00000 
     856    0.55797    4.58361    0.00000 
     857    0.23218    4.25274    0.00000 
     858    0.81619    4.84489    0.00000 
     859    0.63208    4.68023    0.00000 
     860    0.00000    4.00000    0.00000 
     861    0.28420    4.33612    0.00000 
     862    0.87898    4.92213    0.00000 
     863    0.33807    4.41886    0.00000 
     864    0.39378    4.50092    0.00000 
     865    0.08266    4.16942    0.00000 
     866    0.67573    4.79078    0.00000 
     867    0.45637    4.59564    0.00000 
     868    0.00000    4.10000    0.00000 
     869    0.72091    4.85998    0.00000 
     870    0.10948    4.25343    0.00000 
     871    0.18472    4.34028    0.00000 
     872    0.52089    4.69452    0.00000 
     873    0.78217    4.93844    0.00000 
     874    0.23937    4.43540    0.00000 
     875    0.29427    4.50853    0.00000 
     876    0.57967    4.80086    0.00000 
     877    0.00000    4.20000    0.00000 
     878    0.35184    4.59160    0.00000 
     879    0.62535    4.87320    0.00000 
     880    0.08482    4.34285    0.00000 
     881    0.42070    4.70549    0.00000 
     882    0.68506    4.95285    0.00000 
     883    0.00000    4.30000    0.00000 
     884    0.48241    4.80819    0.00000 
     885    0.11621    4.44581    0.00000 
     886    0.21875    4.56282    0.00000 
     887    0.52955    4.88453    0.00000 
     888    0.27400    4.64622    0.00000 
     889    0.58769    4.96534    0.00000 
     890    0.32396    4.71835    0.00000 
     891    0.00000    4.40000    0.00000 
     892    0.38380    4.81323    0.00000 
     893    0.43355    4.89399    0.00000 
     894    0.09926    4.56849    0.00000 
     895    0.17401    4.65230    0.00000 
     896    0.49009    4.97592    0.00000 
     897    0.22929    4.73561    0.00000 
     898    0.00000    4.50000    0.00000 
     899    0.28413    4.81795    0.00000 
     900    0.08660    4.65000    0.00000 
     901    0.33738    4.90156    0.00000 
     902    0.39230    4.98459    0.00000 
     903    0.00000    4.60000    0.00000 
     904    0.10865    4.74207    0.00000 
     905    0.18459    4.82498    0.00000 
     906    0.24108    4.90724    0.00000 
     907    0.29435    4.99133    0.00000 
     908    0.00000    4.70000    0.00000 
     909    0.08608    4.83156    0.00000 
     910    0.14468    4.91103    0.00000 
     911    0.19630    4.99615    0.00000 
     912    0.00000    4.80000    0.00000 
     913    0.00000    4.90000    0.00000 
     914    0.09817    4.99904    0.00000 
     915    0.00000    5.00000    0.00000 
STRUCTURE_ELEMENTS
       1    860   848     868
       2    487   475     485
       3    137   130     125
       4    678   666     677
       5    304   294     298
       6    762   751     763
       7    582   570     581
       8    393   382     388
       9    217   207     208
      10    811   799     813
      11    440   429     435
      12    110   103      92
      13    630   618     629
      14    262   250     253
      15    715   703     716
      16    534   522     531
      17    349   338     342
      18    176   166     163
      19    835   824     838
      20    464   452     461
      21    122   113     107
      22    654   642     653
      23    282   271     275
      24    739   727     740
      25    558   545     555
      26    371   359     366
      27    195   185     184
      28    788   775     790
      29    417   405     412
      30     99    96      82
      31    606   594     605
      32    239   228     231
      33    691   689     693
      34    510   499     508
      35    327   316     320
      36    157   147     144
      37    848   835     851
      38    475   464     473
      39    130   122     115
      40    666   654     665
      41    294   282     287
      42    751   739     752
      43    570   558     568
      44    382   371     377
      45    207   195     196
      46    799   788     802
      47    429   417     423
      48    103    99      85
      49    618   606     617
      50    250   239     242
      51    703   691     705
      52    522   510     520
      53    338   327     332
      54    166   157     154
      55    824   811     826
      56    452   440     448
      57    113   110      97
      58    642   630     641
      59    271   262     263
      60    727   715     728
      61    545   534     543
      62    359   349     354
      63    185   176     173
      64    775   762     777
      65    405   393     400
      66     96    95      79
      67    594   582     593
      68    228   217     220
      69    689   678     688
      70    499   487     496
      71    316   304     310
      72    147   137     135
      73    485   475     473
      74    485   473     483
      75    508   499     496
      76    508   496     506
      77    593   582     581
      78    593   581     592
      79    163   166     154
      80    163   154     152
      81    242   239     231
      82    242   231     233
      83    813   799     802
      84    813   802     817
      85    366   359     354
      86    366   354     360
      87    752   739     740
      88    752   740     753
      89    641   630     629
      90    641   629     640
      91    763   751     752
      92    763   752     765
      93    473   464     461
      94    473   461     471
      95    310   304     298
      96    310   298     302
      97    653   642     641
      98    653   641     652
      99    154   157     144
     100    154   144     141
     101    253   250     242
     102    253   242     245
     103     82    96      79
     104    802   788     790
     105    802   790     804
     106    354   349     342
     107    354   342     348
     108    677   666     665
     109    677   665     675
     110    144   147     135
     111    144   135     133
     112    688   678     677
     113    688   677     687
     114    461   452     448
     115    461   448     458
     116    520   510     508
     117    520   508     517
     118     92   103      85
     119     92    85      75
     120    790   775     777
     121    790   777     791
     122    377   371     366
     123    377   366     373
     124    728   715     716
     125    728   716     729
     126    388   382     377
     127    388   377     384
     128    740   727     728
     129    740   728     741
     130    665   654     653
     131    665   653     664
     132    448   440     435
     133    448   435     444
     134    531   522     520
     135    531   520     529
     136    231   228     220
     137    231   220     223
     138     85    99      82
     139     85    82      69
     140    777   762     763
     141    777   763     779
     142    125   130     115
     143    125   115     112
     144    320   316     310
     145    320   310     314
     146    220   217     208
     147    220   208     210
     148    838   824     826
     149    838   826     843
     150    705   691     693
     151    705   693     706
     152    435   429     423
     153    435   423     431
     154    184   185     173
     155    184   173     175
     156    568   558     555
     157    568   555     567
     158    263   262     253
     159    263   253     257
     160    581   570     568
     161    581   568     580
     162    115   122     107
     163    115   107     100
     164    135   137     125
     165    135   125     121
     166    275   271     263
     167    275   263     267
     168    826   811     813
     169    826   813     830
     170    716   703     705
     171    716   705     717
     172    605   594     593
     173    605   593     604
     174    423   417     412
     175    423   412     420
     176    173   176     163
     177    173   163     162
     178    298   294     287
     179    298   287     291
     180    851   835     838
     181    851   838     854
     182    496   487     485
     183    496   485     494
     184    107   113      97
     185    107    97      88
     186    332   327     320
     187    332   320     324
     188    629   618     617
     189    629   617     628
     190    412   405     400
     191    412   400     407
     192    196   195     184
     193    196   184     186
     194    543   534     531
     195    543   531     540
     196    208   207     196
     197    208   196     198
     198    555   545     543
     199    555   543     553
     200    287   282     275
     201    287   275     279
     202     97   110      92
     203     97    92      80
     204    342   338     332
     205    342   332     336
     206    693   689     688
     207    693   688     694
     208    617   606     605
     209    617   605     616
     210    400   393     388
     211    400   388     397
     212    848   851     868
     213    483   473     471
     214    483   471     477
     215     69    82      67
     216     80    92      75
     217     80    75      63
     218    348   342     336
     219    348   336     343
     220    717   705     706
     221    717   706     719
     222    640   629     628
     223    640   628     639
     224    373   366     360
     225    373   360     367
     226    175   173     162
     227    175   162     165
     228    324   320     314
     229    324   314     319
     230    233   231     223
     231    233   223     225
     232    210   208     198
     233    210   198     200
     234    397   388     384
     235    397   384     391
     236    458   448     444
     237    458   444     453
     238    291   287     279
     239    291   279     284
     240    652   641     640
     241    652   640     650
     242    664   653     652
     243    664   652     662
     244    100   107      88
     245    100    88      81
     246    540   531     529
     247    540   529     537
     248    592   581     580
     249    592   580     589
     250    112   115     100
     251    112   100      94
     252    694   688     687
     253    694   687     697
     254    133   135     121
     255    133   121     119
     256    420   412     407
     257    420   407     414
     258    471   461     458
     259    471   458     465
     260    384   377     373
     261    384   373     379
     262    257   253     245
     263    257   245     249
     264    407   400     397
     265    407   397     403
     266    360   354     348
     267    360   348     355
     268     75    85      69
     269     75    69      58
     270    706   693     694
     271    706   694     707
     272    494   485     483
     273    494   483     489
     274    245   242     233
     275    245   233     237
     276    529   520     517
     277    529   517     525
     278    267   263     257
     279    267   257     261
     280    553   543     540
     281    553   540     549
     282    506   496     494
     283    506   494     501
     284    779   763     765
     285    779   765     780
     286    336   332     324
     287    336   324     331
     288    675   665     664
     289    675   664     674
     290    604   593     592
     291    604   592     603
     292    765   752     753
     293    765   753     767
     294    729   716     717
     295    729   717     730
     296    567   555     553
     297    567   553     563
     298    628   617     616
     299    628   616     627
     300    817   802     804
     301    817   804     819
     302    517   508     506
     303    517   506     513
     304    843   826     830
     305    843   830     845
     306    854   838     843
     307    854   843     857
     308    141   144     133
     309    141   133     128
     310    444   435     431
     311    444   431     439
     312    121   125     112
     313    121   112     106
     314    198   196     186
     315    198   186     189
     316    152   154     141
     317    152   141     140
     318    314   310     302
     319    314   302     307
     320    616   605     604
     321    616   604     615
     322    687   677     675
     323    687   675     686
     324    162   163     152
     325    162   152     153
     326    302   298     291
     327    302   291     296
     328    741   728     729
     329    741   729     742
     330    580   568     567
     331    580   567     576
     332    186   184     175
     333    186   175     177
     334    753   740     741
     335    753   741     754
     336    791   777     779
     337    791   779     793
     338    431   423     420
     339    431   420     426
     340     88    97      80
     341     88    80      70
     342    804   790     791
     343    804   791     806
     344    223   220     210
     345    223   210     213
     346    830   813     817
     347    830   817     832
     348    279   275     267
     349    279   267     273
     350    851   854     865
     351    477   471     465
     352    477   465     474
     353    261   257     249
     354    261   249     254
     355    806   791     793
     356    806   793     808
     357    537   529     525
     358    537   525     535
     359    439   431     426
     360    439   426     436
     361    225   223     213
     362    225   213     216
     363    249   245     237
     364    249   237     241
     365    730   717     719
     366    730   719     732
     367    296   291     284
     368    296   284     289
     369    639   628     627
     370    639   627     636
     371    119   121     106
     372    119   106     104
     373    331   324     319
     374    331   319     326
     375    307   302     296
     376    307   296     301
     377    284   279     273
     378    284   273     278
     379    707   694     697
     380    707   697     710
     381    513   506     501
     382    513   501     511
     383    754   741     742
     384    754   742     755
     385    343   336     331
     386    343   331     339
     387    501   494     489
     388    501   489     498
     389    832   817     819
     390    832   819     834
     391     94   100      81
     392     94    81      78
     393    189   186     177
     394    189   177     179
     395    391   384     379
     396    391   379     387
     397    355   348     343
     398    355   343     351
     399    627   616     615
     400    627   615     623
     401    576   567     563
     402    576   563     573
     403    165   162     153
     404    165   153     156
     405    465   458     453
     406    465   453     462
     407    603   592     589
     408    603   589     598
     409    686   675     674
     410    686   674     685
     411    662   652     650
     412    662   650     660
     413    237   233     225
     414    237   225     229
     415    857   843     845
     416    857   845     861
     417    426   420     414
     418    426   414     422
     419     63    75      58
     420     63    58      50
     421    549   540     537
     422    549   537     547
     423    213   210     200
     424    213   200     203
     425    589   580     576
     426    589   576     586
     427    106   112      94
     428    106    94      90
     429    200   198     189
     430    200   189     190
     431    403   397     391
     432    403   391     398
     433    563   553     549
     434    563   549     560
     435    742   729     730
     436    742   730     744
     437    367   360     355
     438    367   355     363
     439    414   407     403
     440    414   403     410
     441    674   664     662
     442    674   662     672
     443    615   604     603
     444    615   603     611
     445    650   640     639
     446    650   639     648
     447    489   483     477
     448    489   477     486
     449    845   830     832
     450    845   832     847
     451    793   779     780
     452    793   780     795
     453    719   706     707
     454    719   707     721
     455    780   765     767
     456    780   767     782
     457    273   267     261
     458    273   261     266
     459    697   687     686
     460    697   686     698
     461    140   141     128
     462    140   128     127
     463    453   444     439
     464    453   439     449
     465     58    69      54
     466    819   804     806
     467    819   806     821
     468    177   175     165
     469    177   165     168
     470    319   314     307
     471    319   307     313
     472    379   373     367
     473    379   367     374
     474    767   753     754
     475    767   754     769
     476    153   152     140
     477    153   140     142
     478     81    88      70
     479     81    70      65
     480    525   517     513
     481    525   513     523
     482    128   133     119
     483    128   119     117
     484     70    80      63
     485     70    63      55
     486    854   857     870
     487      1     2       3
     488    376   389     380
     489    770   783     768
     490    180   192     183
     491    574   587     577
     492     59    76      66
     493    476   488     478
     494    873   882     869
     495    280   292     285
     496    676   690     673
     497     17    26      23
     498    425   438     427
     499    822   836     820
     500    232   244     236
     501    625   638     626
     502    126   138     131
     503    524   536     526
     504    902   907     901
     505    329   341     333
     506    723   734     720
     507      6    11      10
     508    401   413     404
     509    796   809     794
     510    204   218     212
     511    600   613     602
     512     93   111     101
     513    500   512     502
     514    889   896     887
     515    305   317     309
     516    702   713     695
     517     35    47      40
     518    450   463     454
     519    849   862     846
     520    256   269     260
     521    651   663     649
     522    151   167     159
     523    548   561     551
     524    911   914     910
     525    353   365     356
     526    745   756     743
     527      2     6       4
     528    389   401     392
     529    783   796     781
     530    192   204     197
     531    587   600     590
     532     76    93      83
     533    488   500     490
     534    882   889     879
     535    292   305     297
     536    690   702     684
     537     26    35      30
     538    438   450     441
     539    836   849     833
     540    244   256     248
     541    638   651     637
     542    138   151     146
     543    536   548     538
     544    907   911     906
     545    341   353     345
     546    734   745     731
     547     11    17      15
     548    413   425     416
     549    809   822     807
     550    218   232     224
     551    613   625     614
     552    111   126     116
     553    512   524     514
     554    896   902     893
     555    317   329     321
     556    713   723     708
     557     47    59      52
     558    463   476     467
     559    862   873     858
     560    269   280     272
     561    663   676     661
     562    167   180     171
     563    561   574     564
     564    914   915     913
     565    365   376     368
     566    756   770     758
     567    474   465     462
     568    474   462     472
     569    861   845     847
     570    861   847     863
     571    523   513     511
     572    523   511     521
     573    755   742     744
     574    755   744     757
     575    486   477     474
     576    486   474     484
     577    289   284     278
     578    289   278     283
     579    623   615     611
     580    623   611     621
     581    398   391     387
     582    398   387     394
     583    449   439     436
     584    449   436     446
     585    436   426     422
     586    436   422     432
     587     78    81      65
     588     78    65      62
     589    203   200     190
     590    203   190     194
     591    782   767     769
     592    782   769     784
     593    301   296     289
     594    301   289     295
     595    598   589     586
     596    598   586     597
     597    410   403     398
     598    410   398     406
     599    374   367     363
     600    374   363     369
     601    808   793     795
     602    808   795     810
     603     50    58      46
     604     55    63      50
     605     55    50      43
     606    498   489     486
     607    498   486     497
     608    795   780     782
     609    795   782     797
     610    104   106      90
     611    104    90      86
     612    156   153     142
     613    156   142     145
     614    744   730     732
     615    744   732     746
     616    168   165     156
     617    168   156     158
     618    241   237     229
     619    241   229     234
     620    387   379     374
     621    387   374     381
     622     90    94      78
     623     90    78      73
     624    698   686     685
     625    698   685     699
     626    710   697     698
     627    710   698     711
     628    660   650     648
     629    660   648     659
     630    611   603     598
     631    611   598     609
     632    142   140     127
     633    142   127     132
     634    254   249     241
     635    254   241     246
     636    422   414     410
     637    422   410     419
     638    117   119     104
     639    117   104     102
     640    339   331     326
     641    339   326     334
     642    847   832     834
     643    847   834     850
     644    636   627     623
     645    636   623     634
     646    573   563     560
     647    573   560     572
     648    560   549     547
     649    560   547     559
     650    821   806     808
     651    821   808     823
     652    216   213     203
     653    216   203     209
     654    179   177     168
     655    179   168     170
     656    586   576     573
     657    586   573     585
     658    266   261     254
     659    266   254     258
     660    278   273     266
     661    278   266     270
     662    685   674     672
     663    685   672     683
     664    672   662     660
     665    672   660     671
     666    769   754     755
     667    769   755     771
     668    535   525     523
     669    535   523     533
     670    834   819     821
     671    834   821     837
     672    547   537     535
     673    547   535     546
     674    721   707     710
     675    721   710     722
     676    326   319     313
     677    326   313     322
     678    462   453     449
     679    462   449     460
     680    363   355     351
     681    363   351     357
     682    313   307     301
     683    313   301     308
     684    732   719     721
     685    732   721     733
     686    351   343     339
     687    351   339     346
     688    190   189     179
     689    190   179     182
     690    127   128     117
     691    127   117     118
     692    511   501     498
     693    511   498     509
     694    229   225     216
     695    229   216     222
     696    648   639     636
     697    648   636     646
     698     65    70      55
     699     65    55      51
     700    857   861     871
     701    472   462     460
     702    472   460     469
     703    132   127     118
     704    132   118     120
     705    646   636     634
     706    646   634     644
     707    369   363     357
     708    369   357     364
     709    671   660     659
     710    671   659     670
     711    446   436     432
     712    446   432     442
     713    158   156     145
     714    158   145     148
     715    559   547     546
     716    559   546     557
     717    357   351     346
     718    357   346     352
     719    484   474     472
     720    484   472     482
     721    797   782     784
     722    797   784     798
     723    334   326     322
     724    334   322     328
     725    546   535     533
     726    546   533     544
     727    784   769     771
     728    784   771     785
     729    699   685     683
     730    699   683     700
     731    585   573     572
     732    585   572     584
     733    182   179     170
     734    182   170     172
     735    521   511     509
     736    521   509     519
     737     43    50      38
     738    419   410     406
     739    419   406     415
     740    533   523     521
     741    533   521     532
     742     62    65      51
     743     62    51      49
     744    381   374     369
     745    381   369     378
     746    209   203     194
     747    209   194     199
     748    733   721     722
     749    733   722     735
     750    621   611     609
     751    621   609     619
     752    145   142     132
     753    145   132     134
     754    634   623     621
     755    634   621     631
     756    322   313     308
     757    322   308     315
     758    597   586     585
     759    597   585     595
     760    659   648     646
     761    659   646     657
     762    270   266     258
     763    270   258     265
     764    509   498     497
     765    509   497     507
     766    863   847     850
     767    863   850     864
     768    246   241     234
     769    246   234     240
     770     51    55      43
     771     51    43      39
     772    810   795     797
     773    810   797     812
     774    771   755     757
     775    771   757     772
     776    432   422     419
     777    432   419     428
     778    234   229     222
     779    234   222     227
     780    823   808     810
     781    823   810     825
     782    308   301     295
     783    308   295     303
     784    283   278     270
     785    283   270     277
     786     86    90      73
     787     86    73      71
     788    850   834     837
     789    850   837     853
     790    722   710     711
     791    722   711     725
     792    295   289     283
     793    295   283     290
     794    711   698     699
     795    711   699     712
     796    258   254     246
     797    258   246     252
     798    118   117     102
     799    118   102     105
     800    757   744     746
     801    757   746     759
     802    497   486     484
     803    497   484     495
     804    102   104      86
     805    102    86      87
     806    837   821     823
     807    837   823     839
     808    194   190     182
     809    194   182     187
     810     73    78      62
     811     73    62      60
     812    170   168     158
     813    170   158     160
     814    346   339     334
     815    346   334     340
     816    394   387     381
     817    394   381     390
     818    746   732     733
     819    746   733     747
     820    572   560     559
     821    572   559     571
     822    460   449     446
     823    460   446     456
     824    406   398     394
     825    406   394     402
     826    609   598     597
     827    609   597     607
     828    683   672     671
     829    683   671     682
     830    222   216     209
     831    222   209     214
     832    861   863     874
     833    469   460     456
     834    469   456     466
     835    864   850     853
     836    864   853     867
     837    214   209     199
     838    214   199     205
     839    172   170     160
     840    172   160     164
     841    105   102      87
     842    105    87      89
     843    352   346     340
     844    352   340     347
     845    619   609     607
     846    619   607     620
     847    303   295     290
     848    303   290     299
     849    340   334     328
     850    340   328     335
     851    670   659     657
     852    670   657     668
     853     49    51      39
     854     49    39      36
     855    772   757     759
     856    772   759     773
     857    839   823     825
     858    839   825     842
     859    544   533     532
     860    544   532     542
     861    595   585     584
     862    595   584     596
     863    725   711     712
     864    725   712     726
     865    456   446     442
     866    456   442     451
     867    644   634     631
     868    644   631     643
     869    415   406     402
     870    415   402     411
     871     39    43      31
     872    495   484     482
     873    495   482     493
     874    798   784     785
     875    798   785     800
     876    631   621     619
     877    631   619     632
     878     71    73      60
     879     71    60      56
     880    747   733     735
     881    747   735     748
     882    148   145     134
     883    148   134     136
     884    199   194     187
     885    199   187     191
     886    227   222     214
     887    227   214     221
     888     60    62      49
     889     60    49      44
     890    700   683     682
     891    700   682     701
     892    265   258     252
     893    265   252     259
     894    712   699     700
     895    712   700     714
     896    607   597     595
     897    607   595     608
     898    120   118     105
     899    120   105     109
     900    519   509     507
     901    519   507     518
     902    240   234     227
     903    240   227     235
     904    759   746     747
     905    759   747     760
     906    482   472     469
     907    482   469     480
     908    134   132     120
     909    134   120     124
     910    277   270     265
     911    277   265     274
     912    390   381     378
     913    390   378     386
     914    442   432     428
     915    442   428     437
     916    378   369     364
     917    378   364     375
     918    428   419     415
     919    428   415     424
     920    187   182     172
     921    187   172     178
     922    785   771     772
     923    785   772     786
     924    657   646     644
     925    657   644     655
     926    290   283     277
     927    290   277     286
     928    402   394     390
     929    402   390     399
     930    364   357     352
     931    364   352     361
     932    532   521     519
     933    532   519     530
     934    812   797     798
     935    812   798     814
     936     87    86      71
     937     87    71      74
     938    328   322     315
     939    328   315     323
     940    315   308     303
     941    315   303     311
     942    853   837     839
     943    853   839     856
     944    571   559     557
     945    571   557     569
     946    557   546     544
     947    557   544     556
     948    735   722     725
     949    735   725     737
     950    825   810     812
     951    825   812     829
     952    160   158     148
     953    160   148     149
     954    584   572     571
     955    584   571     583
     956    507   497     495
     957    507   495     505
     958    252   246     240
     959    252   240     247
     960    682   671     670
     961    682   670     681
     962    863   864     875
     963     67    82      79
     964     69    67      54
     965     54    61      48
     966    865   854     870
     967    865   870     877
     968    851   865     868
     969     58    54      46
     970    870   857     871
     971    380   389     392
     972    380   392     383
     973    383   392     396
     974    380   383     370
     975    260   269     272
     976    260   272     264
     977    264   272     276
     978    260   264     251
     979    116   126     131
     980    116   131     123
     981    123   131     139
     982    116   123     108
     983    901   907     906
     984    901   906     899
     985    899   906     905
     986    901   899     892
     987    684   702     695
     988    684   695     680
     989    680   695     696
     990    684   680     669
     991    673   690     684
     992    673   684     669
     993    673   669     658
     994    658   669     656
     995    673   658     661
     996    661   658     647
     997    673   661     676
     998    647   658     645
     999    661   647     649
    1000    649   647     635
    1001    661   649     663
    1002    635   647     633
    1003    649   635     637
    1004    637   635     624
    1005    649   637     651
    1006    624   635     622
    1007    637   624     626
    1008    626   624     612
    1009    637   626     638
    1010    612   624     610
    1011    626   612     614
    1012    614   612     599
    1013    626   614     625
    1014    599   612     601
    1015    614   599     602
    1016    602   599     588
    1017    614   602     613
    1018    588   599     591
    1019    602   588     590
    1020    590   588     575
    1021    602   590     600
    1022    575   588     579
    1023    590   575     577
    1024    577   575     562
    1025    590   577     587
    1026    562   575     565
    1027    577   562     564
    1028    564   562     550
    1029    577   564     574
    1030    550   562     554
    1031    564   550     551
    1032    551   550     539
    1033    564   551     561
    1034    539   550     541
    1035    551   539     538
    1036    538   539     527
    1037    551   538     548
    1038    527   539     528
    1039    538   527     526
    1040    526   527     515
    1041    538   526     536
    1042    515   527     516
    1043    526   515     514
    1044    514   515     503
    1045    526   514     524
    1046    503   515     504
    1047    514   503     502
    1048    502   503     491
    1049    514   502     512
    1050    491   503     492
    1051    502   491     490
    1052    490   491     479
    1053    502   490     500
    1054    479   491     481
    1055    490   479     478
    1056    478   479     468
    1057    490   478     488
    1058    468   479     470
    1059    478   468     467
    1060    467   468     455
    1061    478   467     476
    1062    455   468     457
    1063    467   455     454
    1064    454   455     443
    1065    467   454     463
    1066    443   455     445
    1067    454   443     441
    1068    441   443     430
    1069    454   441     450
    1070    430   443     434
    1071    441   430     427
    1072    427   430     418
    1073    441   427     438
    1074    418   430     421
    1075    427   418     416
    1076    416   418     409
    1077    427   416     425
    1078    409   418     408
    1079    416   409     404
    1080    404   409     396
    1081    396   409     408
    1082    404   396     392
    1083    416   404     413
    1084    404   392     401
    1085    565   575     579
    1086    565   579     566
    1087    566   579     578
    1088    565   566     552
    1089    516   527     528
    1090    516   528     518
    1091    470   479     481
    1092    470   481     466
    1093    421   430     434
    1094    421   433     424
    1095    541   550     554
    1096    541   552     542
    1097    492   503     504
    1098    492   504     493
    1099    445   455     457
    1100    445   457     447
    1101    447   457     459
    1102    445   447     433
    1103    554   562     565
    1104    554   565     552
    1105    554   552     541
    1106    542   552     556
    1107    556   552     566
    1108    556   566     569
    1109    569   566     578
    1110    569   578     583
    1111    583   591     601
    1112    504   515     516
    1113    504   516     505
    1114    457   468     470
    1115    457   470     459
    1116    459   470     466
    1117    459   466     451
    1118    459   451     447
    1119    447   451     437
    1120    447   437     433
    1121    433   437     424
    1122    433   421     434
    1123    433   434     445
    1124    445   434     443
    1125    408   418     421
    1126    408   421     411
    1127    528   539     541
    1128    528   541     530
    1129    481   491     492
    1130    481   492     480
    1131    601   612     610
    1132    601   610     596
    1133    591   599     601
    1134    591   583     578
    1135    591   578     579
    1136    591   579     588
    1137    610   624     622
    1138    610   622     608
    1139    622   635     633
    1140    622   633     620
    1141    645   658     656
    1142    645   656     643
    1143    647   645     633
    1144    633   645     632
    1145    272   280     285
    1146    272   285     276
    1147    276   285     288
    1148    288   285     297
    1149    288   297     300
    1150    297   285     292
    1151    300   297     309
    1152    300   309     312
    1153    288   300     293
    1154    309   297     305
    1155    312   309     321
    1156    312   321     325
    1157    300   312     306
    1158    321   309     317
    1159    325   321     333
    1160    325   333     337
    1161    312   325     318
    1162    333   321     329
    1163    337   333     345
    1164    337   345     350
    1165    325   337     330
    1166    345   333     341
    1167    350   345     356
    1168    350   356     362
    1169    337   350     344
    1170    356   345     353
    1171    362   356     368
    1172    362   368     370
    1173    362   370     358
    1174    370   368     380
    1175    358   370     372
    1176    362   358     350
    1177    368   356     365
    1178    380   368     376
    1179    276   288     281
    1180    372   370     383
    1181    358   372     361
    1182    330   337     344
    1183    330   344     335
    1184    325   330     318
    1185    318   330     323
    1186    344   350     358
    1187    312   318     306
    1188    306   318     311
    1189    300   306     293
    1190    293   306     299
    1191    372   383     385
    1192    288   293     281
    1193    281   293     286
    1194    101   111     116
    1195    101   116     108
    1196    101   108      91
    1197     91   108      98
    1198    101    91      83
    1199     83    91      72
    1200    101    83      93
    1201     72    91      84
    1202     83    72      66
    1203     66    72      57
    1204     83    66      76
    1205     57    72      68
    1206     66    57      52
    1207     52    57      45
    1208     66    52      59
    1209     45    57      53
    1210     52    45      40
    1211     40    45      34
    1212     52    40      47
    1213     34    45      42
    1214     40    34      30
    1215     30    34      27
    1216     40    30      35
    1217     27    34      33
    1218     30    27      23
    1219     23    27      20
    1220     30    23      26
    1221     20    27      25
    1222     23    20      15
    1223     15    20      13
    1224     23    15      17
    1225     13    20      19
    1226     15    13      10
    1227     10    13       8
    1228     15    10      11
    1229      8    13      14
    1230     10     8       4
    1231      4     8       5
    1232     10     4       6
    1233      5     8       9
    1234      4     5       3
    1235     14    13      19
    1236     14    19      22
    1237     22    19      29
    1238     14    22      16
    1239      8    14       9
    1240      9    14      16
    1241      9    16      12
    1242      5     9       7
    1243      5     7       3
    1244     33    34      42
    1245     33    42      44
    1246     25    27      33
    1247     25    33      36
    1248     19    20      25
    1249     19    25      29
    1250     29    25      36
    1251     42    45      53
    1252     42    53      56
    1253     53    57      68
    1254     53    68      64
    1255     64    68      77
    1256     53    64      56
    1257     56    64      74
    1258     74    64      77
    1259     74    77      89
    1260     89    84      98
    1261     68    72      84
    1262     68    84      77
    1263     77    84      89
    1264     98    84      91
    1265    906   911     910
    1266    906   910     905
    1267    905   910     909
    1268    909   910     913
    1269    905   909     904
    1270    910   914     913
    1271    708   723     720
    1272    708   720     704
    1273    704   720     718
    1274    708   704     696
    1275    696   704     692
    1276    708   696     695
    1277    692   704     709
    1278    696   692     679
    1279    708   695     713
    1280    709   704     718
    1281    709   718     724
    1282    724   718     736
    1283    709   724     714
    1284    692   709     701
    1285    679   692     681
    1286    696   679     680
    1287    680   679     667
    1288    667   679     668
    1289    680   667     669
    1290    669   667     656
    1291    656   667     655
    1292    248   256     260
    1293    248   260     251
    1294    248   251     238
    1295    238   251     243
    1296    248   238     236
    1297    236   238     226
    1298    248   236     244
    1299    226   238     230
    1300    236   226     224
    1301    224   226     215
    1302    236   224     232
    1303    215   226     219
    1304    224   215     212
    1305    212   215     201
    1306    224   212     218
    1307    201   215     206
    1308    212   201     197
    1309    197   201     188
    1310    212   197     204
    1311    188   201     193
    1312    197   188     183
    1313    183   188     174
    1314    197   183     192
    1315    174   188     181
    1316    183   174     171
    1317    171   174     161
    1318    183   171     180
    1319    161   174     169
    1320    171   161     159
    1321    159   161     150
    1322    171   159     167
    1323    150   161     155
    1324    159   150     146
    1325    146   150     139
    1326    139   150     155
    1327    146   139     131
    1328    159   146     151
    1329    146   131     138
    1330    181   188     193
    1331    181   193     191
    1332    169   174     181
    1333    169   181     178
    1334    155   161     169
    1335    155   169     164
    1336    193   201     206
    1337    193   206     202
    1338    202   206     211
    1339    193   202     191
    1340    191   202     205
    1341    205   202     211
    1342    205   211     221
    1343    221   219     230
    1344    206   215     219
    1345    206   219     211
    1346    211   219     221
    1347    230   219     226
    1348    230   238     243
    1349    230   243     235
    1350    893   902     901
    1351    893   901     892
    1352    893   892     884
    1353    884   892     881
    1354    893   884     887
    1355    887   884     876
    1356    893   887     896
    1357    876   884     872
    1358    887   876     879
    1359    879   876     866
    1360    887   879     889
    1361    866   876     859
    1362    879   866     869
    1363    869   866     855
    1364    879   869     882
    1365    855   866     852
    1366    869   855     858
    1367    858   855     844
    1368    869   858     873
    1369    844   855     840
    1370    858   844     846
    1371    846   844     831
    1372    858   846     862
    1373    831   844     827
    1374    846   831     833
    1375    833   831     818
    1376    846   833     849
    1377    818   831     815
    1378    833   818     820
    1379    820   818     805
    1380    833   820     836
    1381    805   818     803
    1382    820   805     807
    1383    807   805     792
    1384    820   807     822
    1385    792   805     789
    1386    807   792     794
    1387    794   792     778
    1388    807   794     809
    1389    778   792     776
    1390    794   778     781
    1391    781   778     764
    1392    794   781     796
    1393    764   778     766
    1394    781   764     768
    1395    768   764     749
    1396    781   768     783
    1397    749   764     750
    1398    768   749     758
    1399    758   749     743
    1400    768   758     770
    1401    789   805     803
    1402    789   803     787
    1403    787   803     801
    1404    789   787     774
    1405    776   792     789
    1406    776   789     774
    1407    776   774     761
    1408    761   774     760
    1409    760   774     773
    1410    761   760     748
    1411    773   774     787
    1412    773   787     786
    1413    786   787     801
    1414    786   801     800
    1415    800   801     816
    1416    761   748     750
    1417    816   801     815
    1418    816   815     827
    1419    816   827     828
    1420    815   801     803
    1421    827   815     831
    1422    828   827     840
    1423    828   840     841
    1424    816   828     814
    1425    814   828     829
    1426    815   803     818
    1427    840   827     844
    1428    800   816     814
    1429    841   840     852
    1430    841   852     859
    1431    852   840     855
    1432    859   852     866
    1433    828   841     829
    1434    829   841     842
    1435    776   761     766
    1436    766   761     750
    1437    776   766     778
    1438    766   750     764
    1439    749   750     738
    1440    872   884     881
    1441    872   881     867
    1442    876   872     859
    1443    859   872     856
    1444    720   734     731
    1445    720   731     718
    1446    718   731     736
    1447    736   731     743
    1448    736   743     749
    1449    743   731     745
    1450    758   743     756
    1451    871   861     874
    1452     50    46      38
    1453      2     4       3
    1454    466   456     451
    1455    109   105      89
    1456    451   442     437
    1457    361   352     347
    1458    335   328     323
    1459    136   134     124
    1460    437   428     424
    1461    556   544     542
    1462     89    87      74
    1463    800   785     786
    1464    480   469     466
    1465    323   315     311
    1466    842   825     829
    1467    701   682     681
    1468    786   772     773
    1469    583   571     569
    1470    205   199     191
    1471    235   227     221
    1472    411   402     399
    1473    814   798     800
    1474     36    39      29
    1475    221   214     205
    1476    424   415     411
    1477    829   812     814
    1478    620   607     608
    1479     56    60      44
    1480    274   265     259
    1481    856   839     842
    1482    596   584     583
    1483    714   700     701
    1484    286   277     274
    1485    247   240     235
    1486    867   853     856
    1487    518   507     505
    1488     16    22      24
    1489    643   631     632
    1490    530   519     518
    1491    668   657     655
    1492    191   187     178
    1493    375   364     361
    1494    737   725     726
    1495    347   340     335
    1496    632   619     620
    1497    124   120     109
    1498    311   303     299
    1499    542   532     530
    1500    259   252     247
    1501    655   644     643
    1502    505   495     493
    1503    164   160     149
    1504    760   747     748
    1505    493   482     480
    1506     74    71      56
    1507    773   759     760
    1508     44    49      36
    1509    178   172     164
    1510    149   148     136
    1511    299   290     286
    1512    748   735     737
    1513    386   378     375
    1514    569   557     556
    1515    726   712     714
    1516    608   595     596
    1517    399   390     386
    1518    681   670     668
    1519     22    29      31
    1520    864   867     878
    1521     46    54      41
    1522    276   281     268
    1523    874   863     875
    1524    905   904     897
    1525    243   251     255
    1526    749   738     736
    1527     43    38      31
    1528    870   871     880
    1529    904   912     908
    1530    738   750     737
    1531     98   108     114
    1532    881   892     890
    1533    385   383     396
    1534    372   385     375
    1535    724   736     738
    1536    875   864     878
    1537    251   264     255
    1538    255   264     268
    1539    268   264     276
    1540    255   268     259
    1541    892   899     890
    1542    890   899     897
    1543    897   899     905
    1544    890   897     888
    1545    108   123     114
    1546    114   123     129
    1547    129   123     139
    1548    114   129     124
    1549     39    31      29
    1550     24    22      31
    1551    897   904     895
    1552     41    54      48
    1553     41    48      37
    1554    880   871     885
    1555    878   867     881
    1556    268   281     274
    1557     16    24      21
    1558    881   890     878
    1559     46    41      32
    1560    870   880     883
    1561    883   880     891
    1562    243   255     247
    1563     98   114     109
    1564    888   897     895
    1565    890   888     878
    1566    878   888     875
    1567     37    28      32
    1568    912   904     909
    1569    912   909     913
    1570     21    24      32
    1571     61    54      67
    1572     61    67      79
    1573    877   868     865
    1574    877   870     883
    1575     18    12      21
    1576    903   898     894
    1577    894   898     885
    1578    903   894     900
    1579    900   894     895
    1580    900   895     904
    1581    903   900     908
    1582    908   900     904
    1583     32    41      37
    1584     28    18      21
    1585     16    21      12
    1586    885   871     874
    1587    880   885     891
    1588     12     7       9
    1589    898   891     885
    1590     46    32      38
    1591    888   895     886
    1592    886   895     894
    1593    888   886     875
    1594    875   886     874
    1595    701   681     692
    1596    274   259     268
    1597    124   109     114
    1598    235   221     230
    1599    643   632     645
    1600    299   286     293
    1601    361   347     358
    1602    286   274     281
    1603    655   643     656
    1604    411   399     408
    1605    375   361     372
    1606    399   386     395
    1607    395   386     385
    1608    395   385     396
    1609    399   395     408
    1610    596   583     601
    1611    542   530     541
    1612     44    36      33
    1613    136   124     129
    1614    668   655     667
    1615    386   375     385
    1616    867   856     872
    1617    164   149     155
    1618    178   164     169
    1619    620   608     622
    1620    347   335     344
    1621    856   842     859
    1622    311   299     306
    1623    714   724     726
    1624    726   724     738
    1625    335   323     330
    1626    530   518     528
    1627    748   737     750
    1628    480   466     481
    1629    247   235     243
    1630    505   493     504
    1631    424   411     421
    1632    737   726     738
    1633    681   668     679
    1634    714   701     709
    1635    259   247     255
    1636    493   480     492
    1637    323   311     318
    1638    191   178     181
    1639    608   596     610
    1640    109    89      98
    1641    518   505     516
    1642    149   136     143
    1643    143   136     129
    1644    143   129     139
    1645    149   143     155
    1646     56    44      42
    1647    632   620     633
    1648     31    38      24
    1649    885   874     886
    1650     38    32      24
    1651    842   841     859
    1652    408   395     396
    1653    894   885     886
    1654    155   143     139
    1655     28    21      32
    1656    344   358     347
STRUCTURE_DIRICHLET_NODES
     860 0.0  0.0  NaN  
     868 0.0  0.0  NaN  
     877 0.0  0.0  NaN  
     883 0.0  0.0  NaN  
     891 0.0  0.0  NaN  
     898 0.0  0.0  NaN  
     903 0.0  0.0  NaN  
     908 0.0  0.0  NaN  
     912 0.0  0.0  NaN  
     913 0.0  0.0  NaN  
     915 0.0  0.0  NaN  
STRUCTURE_FORCE_NODES
       1 boundaryLoad computeConstantHorizontalLoad
       3 boundaryLoad computeConstantHorizontalLoad
       7 boundaryLoad computeConstantHorizontalLoad
      12 boundaryLoad computeConstantHorizontalLoad
      18 boundaryLoad computeConstantHorizontalLoad
      28 boundaryLoad computeConstantHorizontalLoad
      37 boundaryLoad computeConstantHorizontalLoad
      48 boundaryLoad computeConstantHorizontalLoad
      61 boundaryLoad computeConstantHorizontalLoad
      79 boundaryLoad computeConstantHorizontalLoad
      95 boundaryLoad computeConstantHorizontalLoad

%%%%%%%%%%%%%%%%%%%%%%%%%%%%%%%%%%%%%%%%%%%%%%%%%%%%%%%%%%%%%%%%%%%%%%%%%%%
%                                                                         %
%   Fluid Boundary Value Problem                                          %
%                                                                         %
%%%%%%%%%%%%%%%%%%%%%%%%%%%%%%%%%%%%%%%%%%%%%%%%%%%%%%%%%%%%%%%%%%%%%%%%%%%

FLUID_ANALYSIS
 ANALYSIS_TYPE,PLANE_STRESS

FLUID_MATERIAL_PROPERTIES

FLUID_NLINEAR_SCHEME
 NLINEAR_SCHEME,NEWTON_RAPSON
 TOLERANCE,1e-9
 MAX_ITERATIONS,100

FLUID_TRANSIENT_ANALYSIS
 SOLVER STEADY_STATE
 TIME_INTEGRATION BOSSAK
 START_TIME 0
 END_TIME 10
 NUMBER_OF_TIME_STEPS 0.01
        
FLUID_ELEMENTS


FLUID_DIRICHLET_NODES

FLUID_DIRICHLET_ALE_NODES
FLUID_NODES

